0 1412.50875 1167.50875 283.98 272.98
0 2132.50875 1422.50875 186.98 215.98000000000002
0 2699.50875 1080.50875 113.98 154.98
0 3459.50875 599.50875 188.98 220.98000000000002
0 2454.50875 351.508125 351.98 386.98125
0 2768.50875 17.50875 176.98 140.98
0 3563.50875 37.50875 84.98 161.98
0 2393.50875 111.508125 199.98000000000002 221.98125000000002
0 1770.50875 432.50875 285.98 273.98
0 1719.50875 0.50875 240.98000000000002 150.98
0 1410.50875 260.50875 156.98 130.98
0 1040.50875 668.50875 240.98000000000002 189.98
0 1227.50875 1278.50875 240.98000000000002 214.98000000000002
0 315.50875 1164.50875 182.98 214.98000000000002
0 556.50875 685.50875 194.98000000000002 230.98000000000002
0 733.50875 445.50875 189.98 260.98
0 518.50875 460.50875 151.98 217.98000000000002
0 0.50875 232.508125 170.98 171.98125000000002
0 313.50875 0.50875 189.98 259.98
0 916.50875 16.50875 277.98 288.98
0 379.50875 885.50875 85.98 169.98
0 381.50875 2274.50875 197.98000000000002 217.98000000000002
0 1045.50875 1790.50875 394.98 399.98
0 2494.50875 2043.50875 268.98 258.98
0 1899.50875 741.50875 257.98 217.98000000000002
0 2215.50875 0.50875 167.98 61.980000000000004
0 135.508125 514.50875 90.98125 126.98
