0 2322.50875 1359.50875 166.98 105.98
0 2380.50875 1914.50875 126.98 153.98
0 2507.50875 2302.50875 191.98000000000002 158.98
0 2129.50875 2370.50875 58.980000000000004 93.98
0 3082.50875 2393.50875 88.98 68.98
0 3353.50875 2112.50875 148.98 98.98
0 987.5087500000001 1896.50875 209.98000000000002 189.98
0 1240.50875 1364.50875 187.98 133.98
0 1587.50875 1273.50875 138.98 156.98
0 1790.50875 1250.50875 184.98 215.98000000000002
0 2068.50875 1238.50875 197.98000000000002 196.98000000000002
0 2256.50875 1265.50875 121.98 136.98
0 2560.50875 858.50875 174.98 133.98
0 2294.50875 830.50875 100.98 120.98
0 1856.50875 609.50875 113.98 192.98000000000002
0 1336.50875 733.50875 121.98 154.98
0 961.50875 928.50875 167.98 146.98
0 442.50875 1015.5087500000001 146.98 110.98
0 216.508125 1149.50875 128.98125 100.98
0 913.50875 670.50875 108.98 116.98
0 668.50875 678.50875 135.98 166.98
0 288.50875 597.50875 125.98 181.98
0 419.50875 313.50875 123.98 164.98
0 1230.50875 108.508125 143.98 163.98125000000002
0 1473.50875 84.50875 143.98 210.98000000000002
0 1846.50875 179.508125 75.98 128.98125
0 2180.50875 521.50875 126.98 133.98
0 2590.50875 457.50875 139.98 164.98
0 2864.50875 356.50875 141.98 237.98000000000002
0 3135.50875 708.50875 141.98 207.98000000000002
0 2996.50875 1324.50875 138.98 148.98
0 3196.50875 488.50875 146.98 158.98
0 3302.50875 275.50875 113.98 199.98000000000002
0 3543.50875 483.50875 100.98 115.98
0 1635.50875 660.50875 80.98 88.98
0 75.508125 204.508125 128.98125 194.98125000000002
0 323.50875 0.50875 118.98 142.98
0 888.50875 32.50875 95.98 222.98000000000002
0 1197.50875 14.508750000000001 108.98 131.98
0 2086.50875 65.50875 85.98 123.98
0 2859.50875 90.508125 95.98 128.98125
0 3041.50875 224.50875 70.98 85.98
0 3325.50875 22.50875 83.98 173.98
0 0.50875 313.50875 36.980000000000004 110.98
0 2094.50875 272.50875 29.98 98.98
0 1868.50875 1032.50875 68.98 73.98
0 214.508125 2499.50875 159.98125000000002 149.98
0 3364.50875 146.508125 41.980000000000004 93.98125
0 2613.50875 0.50875 139.98 60.980000000000004
0 2123.50875 1280.50875 130.98 157.98
