0 2094.50875 1194.50875 277.98 258.98
0 1407.50875 1197.50875 298.98 283.98
0 1225.50875 1316.50875 252.98000000000002 212.98000000000002
0 308.50875 1162.50875 207.98000000000002 214.98000000000002
0 394.50875 2028.50875 356.98 389.98
0 0.50875 2152.50875 203.98000000000002 306.98
0 1815.50875 2020.50875 336.98 374.98
0 2917.50875 1194.50875 415.98 402.98
0 3176.50875 668.50875 338.98 394.98
0 2431.50875 346.508125 386.98 412.98125
0 2689.50875 171.508125 184.98 237.98125000000002
0 3566.50875 47.50875 81.98 151.98
0 2370.50875 82.50875 250.98000000000002 232.98000000000002
0 2073.50875 42.50875 222.98000000000002 232.98000000000002
0 1787.50875 447.50875 263.98 228.98000000000002
0 1230.50875 386.50875 219.98000000000002 260.98
0 1714.50875 0.50875 240.98000000000002 137.98
0 979.50875 0.50875 273.98 327.98
0 1027.50875 680.50875 255.98000000000002 202.98000000000002
0 531.50875 434.50875 168.98 240.98000000000002
0 303.50875 0.50875 189.98 249.98000000000002
0 0.50875 204.508125 170.98 204.98125000000002
0 374.50875 878.50875 108.98 191.98000000000002
0 683.50875 728.50875 217.98000000000002 179.98
0 1922.50875 751.50875 234.98000000000002 230.98000000000002
0 2893.50875 2624.50875 376.98 111.98
0 999.5087500000001 0.50875 184.98 60.980000000000004
