0 109.50875 0.50875 255.98000000000002 218.98000000000002
0 315.508125 1886.50875 416.98125 316.98
0 853.50875 1142.50875 256.98 323.98
0 1060.50875 226.508125 238.98000000000002 320.98125
0 1370.50875 558.50875 198.98000000000002 241.98000000000002
0 3269.50875 1961.50875 280.98 192.98000000000002
0 2506.50875 1256.50875 316.98 209.98000000000002
0 2602.50875 358.50875 174.98 195.98000000000002
0 3312.50875 2291.50875 254.98000000000002 196.98000000000002
0 3537.50875 119.50875 96.98 129.98
0 1765.50875 52.508125 78.98 99.98125
