0 1245.50875 1367.50875 217.98000000000002 130.98
0 1602.50875 1263.50875 141.98 176.98
0 1932.50875 1336.50875 120.98 144.98
0 2256.50875 1250.50875 148.98 156.98
0 2345.50875 1352.50875 166.98 102.98
0 2446.50875 2162.50875 136.98 177.98
0 2152.50875 2352.50875 73.98 95.98
0 987.5087500000001 1894.50875 217.98000000000002 196.98000000000002
0 1894.50875 1990.50875 82.98 80.98
0 3320.50875 2172.50875 141.98 98.98
0 3087.50875 2393.50875 105.98 82.98
0 2765.50875 1139.50875 151.98 176.98
0 3165.50875 1248.50875 164.98 204.98000000000002
0 3178.50875 693.50875 138.98 166.98
0 2593.50875 860.50875 189.98 123.98
0 2309.50875 804.50875 113.98 149.98
0 1881.50875 1025.50875 65.98 87.98
0 2198.50875 498.50875 128.98 151.98
0 2608.50875 427.50875 141.98 191.98000000000002
0 1126.50875 956.50875 103.98 134.98
0 883.50875 972.50875 141.98 135.98
0 931.50875 645.50875 121.98 118.98
0 1364.50875 675.50875 116.98 189.98
0 1481.50875 698.50875 118.98 219.98000000000002
0 206.508125 1134.50875 144.98125000000002 118.98
0 505.50875 1121.50875 103.98 88.98
0 508.50875 559.50875 136.98 191.98000000000002
0 181.508125 599.50875 100.98125 182.98
0 429.50875 295.50875 121.98 174.98
0 90.50875 176.508125 115.98 214.98125000000002
0 0.50875 308.50875 59.980000000000004 105.98
0 1367.50875 105.508125 95.98 161.98125000000002
0 1666.50875 255.50875 118.98 163.98
0 916.50875 0.50875 133.98 183.98
0 1235.50875 0.50875 97.98 81.9775
0 3224.50875 475.50875 156.98 161.98
0 3540.50875 346.50875 107.98 161.98
0 3330.50875 255.508125 116.98 199.98125000000002
0 3051.50875 214.50875 68.98 83.98
0 3333.50875 11.508750000000001 97.98 174.98
0 2841.50875 60.50875 138.98 163.98
0 2410.50875 166.508125 50.980000000000004 88.98125
0 1932.50875 0.508125 95.98 88.97875
0 2000.50875 272.50875 95.98 88.98
0 350.50875 0.508125 121.98 114.97875
0 1689.50875 0.50875 120.98 190.98
0 0.50875 2550.50875 195.98000000000002 185.98
0 944.50875 33.50875 114.98 194.98000000000002
