0 67.50875 328.50875 113.98 209.98000000000002
0 908.50875 201.508125 111.98 184.98125000000002
0 1382.50875 771.50875 90.98 189.98
0 533.50875 2056.50875 174.98 90.98
0 2978.50875 789.50875 131.98 169.98
0 2117.50875 70.50875 118.98 179.98
0 1577.50875 9.508750000000001 95.98 115.98
0 0.50875 4.508125 74.9775 108.97875
0 693.50875 303.50875 50.980000000000004 113.98
0 3257.50875 1020.5087500000001 140.98 138.98
0 3434.50875 1443.50875 126.98 120.98
0 437.50875 11.508750000000001 128.98 139.98
0 85.50875 1035.50875 77.98 90.98
