0 105.508125 57.50875 161.98125000000002 209.98000000000002
0 204.508125 472.50875 118.98125 131.98
0 835.50875 87.508125 110.98 136.98125000000002
0 579.50875 2086.50875 123.98 90.98
0 1587.50875 640.50875 85.98 138.98
0 1445.50875 774.50875 126.98 181.98
0 1694.50875 194.508125 67.98 128.98125
0 1876.50875 984.5087500000001 65.98 128.98
0 1899.50875 1620.50875 54.980000000000004 80.98
0 3054.50875 840.50875 209.98000000000002 146.98
0 3464.50875 774.50875 154.98 194.98000000000002
0 3421.50875 1825.50875 106.98 98.98
0 2418.50875 396.50875 113.98 164.98
0 2334.50875 0.508125 126.98 97.97875
0 445.50875 0.50875 70.98 132.98
0 2773.50875 24.509375000000002 57.980000000000004 80.97875
0 72.50875 1002.5087500000001 126.98 151.98
