0 191.508125 759.50875 110.98125 154.98
0 189.508125 404.50875 163.98125000000002 207.98000000000002
0 954.50875 47.50875 128.98 171.98
0 1007.5087500000001 98.508125 93.98 168.98125000000002
0 533.50875 1042.50875 98.98 149.98
0 379.50875 708.50875 128.98 166.98
0 665.50875 673.50875 154.98 153.98
0 1004.5087500000001 632.50875 255.98000000000002 283.98
0 1455.50875 870.50875 103.98 144.98
0 1612.50875 640.50875 141.98 158.98
0 1197.50875 1364.50875 176.98 156.98
0 969.50875 1896.50875 217.98000000000002 207.98000000000002
0 1790.50875 1255.50875 214.98000000000002 255.98000000000002
0 2532.50875 1293.50875 151.98 144.98
0 3092.50875 1303.50875 214.98000000000002 240.98000000000002
0 3102.50875 728.50875 179.98 197.98000000000002
0 3196.50875 526.50875 131.98 141.98
0 2745.50875 419.50875 90.98 179.98
0 3340.50875 2152.50875 143.98 166.98
0 3307.50875 338.50875 111.98 161.98
0 3543.50875 485.50875 104.98 159.98
0 2565.50875 67.50875 148.98 123.98
0 1473.50875 163.508125 136.98 194.98125000000002
0 2243.50875 589.50875 106.98 116.98
0 1661.50875 799.50875 118.98 111.98
0 3583.50875 2215.50875 64.98 83.98
0 792.50875 959.50875 82.98 113.98
0 11.508750000000001 391.50875 72.9775 113.98
0 20.50875 2581.50875 196.98000000000002 154.98
0 2649.50875 623.50875 91.98 124.98
0 2315.50875 1210.50875 102.98 151.98
