0 2732.50875 997.5087500000001 128.98 118.98
0 3272.50875 992.5087500000001 153.98 133.98
0 3442.50875 1430.50875 148.98 126.98
0 1901.50875 1620.50875 58.980000000000004 83.98
0 19.50875 2013.50875 121.98 95.98
0 825.50875 1460.50875 52.980000000000004 73.98
0 944.50875 817.50875 57.980000000000004 65.98
0 1405.50875 718.50875 130.98 103.98
0 1980.50875 483.50875 151.98 178.98
0 2937.50875 491.50875 111.98 100.98
0 1699.50875 179.508125 75.98 146.98125000000002
0 2350.50875 0.50875 108.98 76.9775
0 916.50875 171.508125 120.98 192.98125000000002
0 944.50875 0.50875 100.98 66.9775
0 442.50875 0.50875 73.98 145.98
0 0.508125 0.50875 89.97875 135.98
0 199.508125 472.50875 126.98125 126.98
0 87.50875 1010.5087500000001 108.98 143.98
0 1663.50875 1139.50875 57.980000000000004 98.98
0 2023.50875 252.50875 82.98 95.98
