0 733.50875 2548.50875 124.98 87.98
0 594.50875 2063.50875 116.98 108.98
0 29.50875 1987.50875 113.98 101.98
0 561.50875 657.50875 179.98 174.98
0 1420.50875 685.50875 151.98 144.98
0 1605.50875 592.50875 88.98 148.98
0 1876.50875 943.50875 72.98 154.98
0 2763.50875 956.50875 138.98 126.98
0 3305.50875 977.50875 163.98 140.98
0 2940.50875 485.50875 121.98 90.98
0 1982.50875 219.508125 121.98 141.98125000000002
0 1711.50875 143.508125 83.98 179.98125000000002
0 2378.50875 0.508125 113.98 84.97875
0 2998.50875 153.508125 78.98 134.98125
0 939.50875 148.508125 123.98 202.98125000000002
0 652.50875 260.50875 73.98 138.98
0 65.50875 320.50875 123.98 217.98000000000002
0 0.508125 0.50875 89.97875 152.98
0 510.50875 0.50875 121.98 132.98
0 3148.50875 1458.50875 72.98 103.98
