0 1585.50875 635.50875 100.98 135.98
0 1397.50875 721.50875 141.98 125.98
0 546.50875 673.50875 191.98000000000002 176.98
0 1858.50875 984.5087500000001 78.98 131.98
0 794.50875 1438.50875 68.98 80.98
0 1891.50875 1592.50875 75.98 106.98
0 250.50875 2018.50875 113.98 60.980000000000004
0 75.50875 323.50875 118.98 212.98000000000002
0 670.50875 277.50875 75.98 134.98
0 840.50875 42.50875 131.98 158.98
0 485.50875 27.50875 128.98 148.98
0 0.50875 0.50875 74.9775 157.98
0 1686.50875 171.508125 88.98 153.98125000000002
0 2190.50875 112.508125 115.98 166.98125000000002
0 2935.50875 490.50875 120.98 111.98
0 3064.50875 817.50875 214.98000000000002 156.98
0 3472.50875 774.50875 149.98 184.98
0 3125.50875 1466.50875 75.98 100.98
0 2372.50875 0.508125 116.98 97.97875
0 2965.50875 158.508125 73.98 131.98125
0 3348.50875 151.508125 98.98 125.98125
