0 1240.50875 1359.50875 219.98000000000002 151.98
0 1605.50875 1283.50875 133.98 161.98
0 417.50875 1858.50875 171.98 174.98
0 2416.50875 1906.50875 138.98 154.98
0 2535.50875 2299.50875 211.98000000000002 169.98
0 3436.50875 2081.50875 126.98 120.98
0 2157.50875 2360.50875 80.98 103.98
0 209.508125 1146.50875 126.98125 113.98
0 505.50875 1146.50875 111.98 85.98
0 883.50875 969.50875 131.98 156.98
0 1124.50875 961.50875 110.98 129.98
0 1453.50875 789.50875 105.98 156.98
0 1610.50875 650.50875 118.98 113.98
0 1861.50875 617.50875 120.98 179.98
0 959.50875 665.50875 110.98 105.98
0 685.50875 675.50875 143.98 149.98
0 323.50875 597.50875 116.98 184.98
0 0.50875 802.50875 61.980000000000004 70.98
0 227.508125 310.50875 156.98125000000002 172.98
0 0.50875 313.50875 61.980000000000004 120.98
0 1032.50875 224.508125 134.98 146.98125000000002
0 926.50875 54.50875 103.98 187.98
0 343.50875 0.50875 131.98 140.98
0 1369.50875 110.508125 93.98 156.98125000000002
0 1519.50875 72.50875 125.98 204.98000000000002
0 1884.50875 191.508125 72.98 136.98125000000002
0 1944.50875 0.508125 98.98 86.97875
0 2418.50875 130.508125 45.980000000000004 123.98125
0 2213.50875 546.50875 120.98 138.98
0 2334.50875 771.50875 151.98 179.98
0 2324.50875 1129.50875 129.98 171.98
0 1904.50875 1364.50875 148.98 136.98
0 2337.50875 1382.50875 161.98 95.98
0 2593.50875 1248.50875 158.98 196.98000000000002
0 3018.50875 1334.50875 164.98 153.98
0 3181.50875 1048.50875 204.98000000000002 189.98
0 3282.50875 723.50875 146.98 184.98
0 3378.50875 460.50875 139.98 153.98
0 3338.50875 275.50875 115.98 196.98000000000002
0 3067.50875 214.50875 64.98 85.98
0 2796.50875 19.50875 85.98 123.98
0 2578.50875 0.50875 128.98 135.98
0 0.50875 2552.50875 200.98000000000002 183.98
0 1881.50875 1042.50875 67.98 65.98
0 2598.50875 457.50875 126.98 128.98
0 3081.50875 2374.50875 115.98 90.98
0 3346.50875 152.508125 96.98 139.98125000000002
0 2123.50875 1286.50875 109.98 148.98
