0 1838.50875 1562.50875 103.98 113.98
0 206.508125 1972.50875 144.98125000000002 108.98
0 70.508125 946.50875 135.98125 169.98
0 913.50875 782.50875 73.98 75.98
0 1364.50875 728.50875 161.98 207.98000000000002
0 1620.50875 1101.50875 100.98 115.98
0 3117.50875 1435.50875 103.98 126.98
0 898.50875 103.50875 123.98 214.98000000000002
0 146.508125 467.50875 153.98125000000002 126.98
0 80.50875 54.50875 194.98000000000002 217.98000000000002
0 424.50875 0.50875 154.98 140.98
0 749.50875 1390.50875 95.98 110.98
0 1975.50875 209.508125 110.98 138.98125000000002
0 1580.50875 3.508125 115.98 107.97875
0 2337.50875 0.508125 113.98 89.97875
0 2889.50875 462.50875 123.98 111.98
0 2991.50875 685.50875 189.98 230.98000000000002
0 3472.50875 759.50875 136.98 209.98000000000002
0 3358.50875 100.508125 115.98 143.98125000000002
