0 1620.50875 1108.50875 105.98 116.98
0 1339.50875 744.50875 166.98 201.98000000000002
0 1526.50875 576.50875 126.98 156.98
0 14.508750000000001 1995.50875 123.98 121.98
0 518.50875 2061.50875 151.98 120.98
0 465.50875 632.50875 229.98000000000002 174.98
0 118.508125 472.50875 171.98125000000002 121.98
0 82.50875 54.50875 189.98 235.98000000000002
0 417.50875 0.50875 158.98 145.98
0 645.50875 252.50875 82.98 136.98
0 1641.50875 136.508125 122.98 161.98125000000002
0 2134.50875 49.50875 129.98 174.98
0 1947.50875 467.50875 194.98000000000002 200.98000000000002
0 2649.50875 934.50875 166.98 138.98
0 2904.50875 455.50875 116.98 146.98
0 3366.50875 90.508125 130.98 164.98125000000002
0 3259.50875 969.50875 161.98 156.98
0 2342.50875 0.50875 123.98 81.9775
0 673.50875 2535.50875 158.98 125.98
0 3140.50875 1438.50875 98.98 141.98
