0 3112.50875 1420.50875 108.98 161.98
0 3414.50875 1795.50875 113.98 131.98
0 1088.50875 1889.50875 88.98 77.98
0 179.508125 1998.50875 146.98125000000002 90.98
0 5.50875 961.50875 142.98 172.98
0 90.50875 488.50875 186.98 113.98
0 85.50875 42.50875 176.98 219.98000000000002
0 749.50875 11.508750000000001 151.98 154.98
0 624.50875 234.508125 88.98 146.98125000000002
0 1329.50875 693.50875 141.98 136.98
0 1602.50875 136.508125 106.98 171.98125000000002
0 2061.50875 70.50875 138.98 176.98
0 2312.50875 315.50875 133.98 215.98000000000002
0 1802.50875 959.50875 98.98 158.98
0 2654.50875 920.50875 141.98 141.98
0 2932.50875 693.50875 141.98 242.98000000000002
0 3464.50875 769.50875 144.98 202.98000000000002
0 3264.50875 442.50875 141.98 154.98
0 3363.50875 80.50875 118.98 161.98
0 683.50875 1412.50875 115.98 113.98
0 1040.50875 2517.50875 60.980000000000004 75.98
