0 1572.50875 1091.50875 133.98 130.98
0 1096.50875 1876.50875 95.98 88.98
0 176.508125 1970.50875 149.98125000000002 108.98
0 1.50875 941.50875 159.98 189.98
0 868.50875 784.50875 100.98 98.98
0 1334.50875 693.50875 156.98 118.98
0 82.50875 480.50875 177.98 121.98
0 75.50875 49.50875 184.98 220.98000000000002
0 855.50875 95.50875 133.98 222.98000000000002
0 404.50875 0.50875 159.98 137.98
0 1554.50875 0.508125 128.98 91.97875
0 1954.50875 199.508125 106.98 143.98125000000002
0 2337.50875 343.50875 136.98 199.98000000000002
0 2920.50875 683.50875 161.98 237.98000000000002
0 700.50875 1407.50875 108.98 126.98
0 3434.50875 751.50875 148.98 207.98000000000002
0 3254.50875 407.50875 149.98 161.98
0 3348.50875 72.50875 123.98 177.98
0 3105.50875 1430.50875 105.98 149.98
0 2737.50875 594.50875 55.980000000000004 88.98
