0 1595.50875 1088.50875 138.98 123.98
0 1359.50875 685.50875 146.98 136.98
0 1952.50875 447.50875 164.98 214.98000000000002
0 2385.50875 348.50875 121.98 177.98
0 3295.50875 417.50875 148.98 163.98
0 2124.50875 67.50875 118.98 169.98
0 1564.50875 0.508125 139.98 107.97875
0 761.50875 16.50875 136.98 159.98
0 412.50875 0.50875 161.98 152.98
0 0.50875 0.50875 61.980000000000004 165.98
0 72.50875 310.50875 106.98 240.98000000000002
0 44.50875 946.50875 151.98 197.98000000000002
0 728.50875 1412.50875 98.98 113.98
0 178.508125 1974.50875 146.98125000000002 106.98
0 1101.50875 1873.50875 100.98 96.98
0 1820.50875 1577.50875 126.98 128.98
0 2664.50875 906.50875 138.98 156.98
0 3249.50875 956.50875 181.98 151.98
0 3464.50875 1425.50875 146.98 116.98
0 3421.50875 1782.50875 121.98 123.98
0 3358.50875 60.50875 136.98 186.98
0 2747.50875 589.50875 78.98 95.98
