0 1397.50875 1207.50875 273.98 280.98
0 2071.50875 1200.50875 278.98 247.98000000000002
0 2920.50875 1172.50875 417.98 386.98
0 1848.50875 2030.50875 333.98 362.98
0 404.50875 2025.50875 336.98 352.98
0 4.50875 2150.50875 184.98 300.98
0 0.50875 1212.50875 157.98 280.98
0 483.50875 472.50875 163.98 227.98000000000002
0 544.50875 668.50875 206.98000000000002 252.98000000000002
0 1219.50875 412.50875 207.98000000000002 257.98
0 1767.50875 457.50875 273.98 237.98000000000002
0 0.50875 455.50875 216.98000000000002 227.98000000000002
0 34.50875 103.50875 283.98 222.98000000000002
0 521.50875 100.50875 232.98000000000002 232.98000000000002
0 1397.50875 0.50875 303.98 210.98000000000002
0 1709.50875 0.50875 229.98000000000002 155.98
0 2684.50875 168.508125 179.98 255.98125000000002
0 2869.50875 452.50875 293.98 265.98
0 3447.50875 609.50875 200.98000000000002 245.98000000000002
0 2056.50875 837.50875 171.98 248.98000000000002
0 2223.50875 62.50875 197.98000000000002 260.98
0 2226.50875 0.50875 168.98 66.9775
0 3135.50875 14.508750000000001 240.98000000000002 204.98000000000002
0 1017.5087500000001 1190.50875 263.98 196.98000000000002
0 1182.50875 1306.50875 250.98000000000002 214.98000000000002
