0 402.50875 1861.50875 173.98 181.98
0 1795.50875 2380.50875 120.98 151.98
0 2433.50875 2167.50875 131.98 161.98
0 3059.50875 2367.50875 123.98 88.98
0 3421.50875 2068.50875 121.98 126.98
0 2410.50875 1916.50875 134.98 162.98
0 794.50875 954.50875 133.98 156.98
0 1106.50875 946.50875 115.98 131.98
0 911.50875 655.50875 108.98 113.98
0 500.50875 561.50875 144.98 182.98
0 396.50875 979.50875 164.98 133.98
0 237.508125 1027.50875 204.98125000000002 174.98
0 295.50875 543.50875 113.98 189.98
0 432.50875 280.50875 123.98 176.98
0 80.50875 158.508125 123.98 207.98125000000002
0 288.50875 100.508125 128.98 154.98125000000002
0 799.50875 77.50875 177.98 187.98
0 918.50875 0.50875 111.98 135.98
0 1243.50875 85.508125 95.98 168.98125000000002
0 1359.50875 95.508125 103.98 166.98125000000002
0 1648.50875 237.508125 133.98 171.98125000000002
0 0.50875 2106.50875 61.980000000000004 65.98
0 1359.50875 1319.50875 128.98 156.98
0 1790.50875 1245.50875 176.98 237.98000000000002
0 2086.50875 1238.50875 182.98 189.98
0 2284.50875 1106.50875 123.98 166.98
0 2096.50875 941.50875 32.980000000000004 93.98
0 1435.50875 799.50875 116.98 172.98
0 1600.50875 642.50875 133.98 151.98
0 2200.50875 518.50875 128.98 146.98
0 2585.50875 432.50875 154.98 176.98
0 2902.50875 336.50875 123.98 219.98000000000002
0 3226.50875 673.50875 121.98 196.98000000000002
0 3127.50875 1238.50875 182.98 186.98
0 2750.50875 1144.50875 136.98 207.98000000000002
0 2352.50875 1324.50875 161.98 125.98
0 2327.50875 759.50875 151.98 194.98000000000002
0 3208.50875 452.50875 149.98 149.98
0 3518.50875 333.50875 129.98 144.98
0 3533.50875 65.50875 114.98 151.98
0 3320.50875 234.508125 115.98 202.98125000000002
0 3325.50875 14.508750000000001 96.98 169.98
0 2841.50875 57.50875 141.98 149.98
0 2081.50875 0.50875 111.98 165.98
0 2030.50875 242.50875 96.98 115.98
0 1843.50875 143.508125 72.98 146.98125000000002
0 1671.50875 0.50875 113.98 183.98
0 2568.50875 0.508125 105.98 86.97875
