0 3436.50875 109.508125 124.98 166.98125000000002
0 2703.50875 12.508750000000001 81.98 210.98000000000002
0 2770.50875 333.50875 91.98 181.98
0 3198.50875 907.50875 87.98 170.98
0 1698.50875 0.50875 141.98 225.98000000000002
0 483.50875 657.50875 113.98 156.98
0 37.50875 166.508125 96.98 180.98125000000002
0 127.50875 1644.50875 88.98 53.980000000000004
0 764.50875 1676.50875 127.98 102.98
0 1787.50875 1516.50875 170.98 120.98
0 2421.50875 2528.50875 141.98 109.98
0 679.50875 2421.50875 109.98 116.98
