0 0.50875 411.50875 215.98000000000002 238.98000000000002
0 0.50875 48.50875 332.98 237.98000000000002
0 515.50875 27.50875 245.98000000000002 259.98
0 875.50875 0.50875 294.98 286.98
0 244.508125 1128.50875 209.98125000000002 234.98000000000002
0 468.50875 415.50875 185.98 252.98000000000002
0 714.50875 404.50875 202.98000000000002 302.98
0 960.50875 586.50875 320.98 213.98000000000002
0 1178.50875 960.50875 201.98000000000002 263.98
0 1341.50875 80.50875 199.98000000000002 256.98
0 1388.50875 0.50875 294.98 175.98
0 1758.50875 440.50875 288.98 248.98000000000002
0 1181.50875 1313.50875 244.98000000000002 213.98000000000002
0 1890.50875 1331.50875 216.98000000000002 212.98000000000002
0 1897.50875 746.50875 248.98000000000002 238.98000000000002
0 2228.50875 0.50875 113.98 68.9775
0 2139.50875 41.50875 281.98 252.98000000000002
0 2766.50875 0.508125 160.98 104.97875
0 2442.50875 376.50875 363.98 380.98
0 3144.50875 9.508750000000001 227.98000000000002 202.98000000000002
0 3376.50875 297.50875 152.98 210.98000000000002
0 3461.50875 543.50875 186.98 252.98000000000002
0 2934.50875 1170.50875 434.98 377.98
0 411.50875 2015.50875 331.98 408.98
0 924.50875 2321.50875 149.98 163.98
0 1865.50875 1861.50875 416.98 555.98
0 2896.50875 2611.50875 449.98 124.98
