0 381.50875 1827.50875 204.98000000000002 210.98000000000002
0 0.508125 2076.50875 119.97875 118.98
0 3320.50875 2101.50875 146.98 156.98
0 3056.50875 2276.50875 149.98 156.98
0 2177.50875 2286.50875 88.98 134.98
0 1871.50875 1949.50875 82.98 106.98
0 2451.50875 2129.50875 138.98 161.98
0 219.508125 2479.50875 171.98125000000002 169.98
0 1260.50875 1339.50875 202.98000000000002 179.98
0 209.508125 1101.50875 143.98125000000002 128.98
0 483.50875 1073.50875 123.98 133.98
0 683.50875 807.50875 158.98 153.98
0 946.50875 870.50875 179.98 184.98
0 928.50875 614.50875 134.98 139.98
0 371.50875 520.50875 128.98 207.98000000000002
0 688.50875 668.50875 146.98 151.98
0 1354.50875 673.50875 131.98 206.98000000000002
0 1491.50875 693.50875 125.98 247.98000000000002
0 1656.50875 632.50875 97.98 123.98
0 1856.50875 987.5087500000001 95.98 120.98
0 414.50875 277.50875 136.98 176.98
0 29.50875 191.508125 146.98 220.98125000000002
0 2405.50875 414.50875 111.98 174.98
0 2747.50875 422.50875 108.98 214.98000000000002
0 3052.50875 158.508125 107.98 141.98125000000002
0 2314.50875 794.50875 113.98 149.98
0 3140.50875 660.50875 171.98 229.98000000000002
0 3196.50875 1035.50875 186.98 212.98000000000002
0 2988.50875 1245.50875 159.98 194.98000000000002
0 2562.50875 1222.50875 189.98 187.98
0 2324.50875 1096.50875 137.98 173.98
0 2101.50875 1222.50875 174.98 210.98000000000002
0 1810.50875 1230.50875 141.98 280.98
0 1362.50875 75.50875 120.98 176.98
0 1658.50875 203.508125 106.98 166.98125000000002
0 1696.50875 0.50875 121.98 216.98000000000002
0 351.50875 0.50875 136.98 140.98
0 2008.50875 227.50875 67.98 118.98
0 1932.50875 0.50875 110.98 81.9775
0 2856.50875 39.50875 139.98 154.98
0 3325.50875 250.508125 166.98 209.98125000000002
0 3383.50875 401.50875 131.98 192.98000000000002
0 3558.50875 488.50875 89.98 135.98
0 3361.50875 110.508125 85.98 141.98125000000002
0 2535.50875 0.508125 227.98000000000002 91.97875
0 2426.50875 115.508125 52.980000000000004 149.98125000000002
0 919.50875 3.50875 148.98 231.98000000000002
0 1238.50875 82.50875 100.98 189.98
0 3233.50875 1906.50875 81.98 63.980000000000004
0 2643.50875 298.50875 45.980000000000004 105.98
0 2044.50875 0.50875 66.98 145.98
