0 0.508125 223.508125 115.97875 176.98125000000002
0 230.508125 0.50875 202.98125000000002 250.98000000000002
0 853.50875 0.50875 299.98 286.98
0 362.50875 867.50875 105.98 203.98000000000002
0 465.50875 675.50875 416.98 231.98000000000002
0 1160.50875 276.50875 91.98 145.98
0 1231.50875 390.50875 205.98000000000002 259.98
0 1388.50875 0.50875 290.98 158.98
0 1865.50875 216.508125 234.98000000000002 298.98125
0 1747.50875 440.50875 292.98 241.98000000000002
0 2082.50875 5.50875 242.98000000000002 242.98000000000002
0 2385.50875 27.50875 245.98000000000002 262.98
0 2677.50875 173.508125 181.98 241.98125000000002
0 3543.50875 0.50875 102.98 197.98000000000002
0 3433.50875 529.50875 214.98000000000002 245.98000000000002
0 3101.50875 419.50875 74.98 180.98
0 2421.50875 369.50875 362.98 373.98
0 2054.50875 821.50875 170.98 245.98000000000002
0 0.508125 1156.50875 126.97875 287.98
0 1142.50875 942.50875 209.98000000000002 295.98
0 1373.50875 1206.50875 284.98 277.98
0 2075.50875 1199.50875 284.98 234.98000000000002
0 2923.50875 1167.50875 423.98 380.98
0 411.50875 2008.50875 324.98 408.98
0 928.50875 2314.50875 188.98 170.98
0 1843.50875 1847.50875 416.98 548.98
0 2902.50875 2594.50875 446.98 141.98
