0 3447.50875 91.508125 120.98 166.98125000000002
0 2705.50875 0.50875 88.98 197.98000000000002
0 2777.50875 315.50875 109.98 203.98000000000002
0 1722.50875 0.50875 149.98 222.98000000000002
0 490.50875 657.50875 138.98 163.98
0 62.508125 144.508125 78.98125 174.98125000000002
0 123.50875 1630.50875 88.98 70.98
0 782.50875 1683.50875 106.98 99.98
0 1812.50875 1523.50875 137.98 95.98
0 2336.50875 1398.50875 73.98 163.98
0 939.50875 974.50875 77.98 56.980000000000004
0 2406.50875 2531.50875 188.98 106.98
0 686.50875 2414.50875 127.98 120.98
