0 240.508125 0.50875 221.98125000000002 175.98
0 0.50875 1224.50875 265.98 301.98
0 398.50875 1851.50875 223.98000000000002 241.98000000000002
0 558.50875 412.50875 262.98 259.98
0 964.50875 269.508125 195.98000000000002 213.98125000000002
0 1434.50875 468.50875 248.98000000000002 292.98
0 1804.50875 764.50875 370.98 291.98
0 3058.50875 241.508125 270.98 437.98125
0 2756.50875 1209.50875 248.98000000000002 331.98
0 2659.50875 1929.50875 227.98000000000002 213.98000000000002
0 3372.50875 2175.50875 275.98 316.98
0 172.508125 386.50875 212.98125000000002 154.98
0 0.50875 219.508125 61.980000000000004 127.98125
0 3263.50875 806.50875 142.98 263.98
0 3510.50875 61.50875 137.98 233.98000000000002
0 2510.50875 1502.50875 208.98000000000002 175.98
