0 2101.50875 1217.50875 273.98 232.98000000000002
0 1075.50875 1792.50875 382.98 387.98
0 2494.50875 1954.50875 311.98 291.98
0 475.50875 2028.50875 321.98 402.98
0 1.50875 2106.50875 179.98 347.98
0 0.508125 1159.50875 125.97875 290.98
0 217.50875 789.50875 64.98 123.98
0 0.508125 209.508125 111.97875 202.98125000000002
0 257.508125 0.50875 187.98125000000002 269.98
0 888.50875 0.50875 280.98 286.98
0 733.50875 407.50875 205.98000000000002 290.98
0 495.50875 655.50875 372.98 252.98000000000002
0 1129.50875 979.50875 191.98000000000002 283.98
0 1202.50875 1281.50875 237.98000000000002 229.98000000000002
0 1772.50875 472.50875 283.98 235.98000000000002
0 1240.50875 409.50875 212.98000000000002 252.98000000000002
0 2684.50875 1035.50875 159.98 184.98
0 1906.50875 754.50875 232.98000000000002 222.98000000000002
0 2451.50875 374.50875 379.98 376.98
0 2866.50875 399.50875 268.98 283.98
0 3396.50875 288.50875 189.98 211.98000000000002
0 3480.50875 548.50875 167.98 260.98
0 2213.50875 0.508125 156.98 86.97875
0 2190.50875 29.50875 232.98000000000002 270.98
0 1417.50875 0.50875 298.98 175.98
0 1352.50875 110.508125 198.98000000000002 207.98125000000002
0 2752.50875 0.508125 192.98000000000002 84.97875
0 1159.50875 260.50875 83.98 158.98
