0 3468.50875 80.50875 134.98 173.98
0 2713.50875 0.50875 141.98 196.98000000000002
0 137.508125 0.50875 142.98125000000002 236.98000000000002
0 23.50875 921.50875 138.98 198.98000000000002
0 800.50875 529.50875 66.98 177.98
0 2777.50875 304.50875 127.98 206.98000000000002
0 2827.50875 957.50875 63.980000000000004 145.98
0 2342.50875 1380.50875 234.98000000000002 206.98000000000002
0 1801.50875 1488.50875 131.98 112.98
0 761.50875 1651.50875 130.98 117.98
0 362.50875 1484.50875 280.98 273.98
0 3098.50875 1591.50875 84.98 109.98
0 682.50875 2374.50875 127.98 145.98
