0 1010.5087500000001 1881.50875 197.98000000000002 186.98
0 0.508125 2074.50875 104.97875 107.98
0 2172.50875 2286.50875 75.98 131.98
0 2513.50875 2240.50875 226.98000000000002 193.98000000000002
0 3312.50875 2112.50875 167.98 135.98
0 3013.50875 1777.50875 156.98 179.98
0 3239.50875 1916.50875 65.98 101.98
0 2973.50875 1245.50875 148.98 189.98
0 1374.50875 1260.50875 139.98 222.98000000000002
0 1797.50875 1227.50875 144.98 281.98
0 2089.50875 1215.50875 184.98 217.98000000000002
0 2256.50875 1255.50875 148.98 154.98
0 2555.50875 1220.50875 181.98 191.98000000000002
0 3178.50875 1030.50875 189.98 214.98000000000002
0 3145.50875 652.50875 141.98 215.98000000000002
0 2332.50875 728.50875 169.98 202.98000000000002
0 2613.50875 774.50875 169.98 179.98
0 1838.50875 989.5087500000001 77.98 111.98
0 951.50875 870.50875 154.98 177.98
0 480.50875 964.50875 126.98 128.98
0 288.50875 977.50875 178.98 191.98000000000002
0 163.508125 576.50875 116.98125 202.98000000000002
0 500.50875 559.50875 149.98 189.98
0 670.50875 789.50875 151.98 151.98
0 1035.50875 599.50875 214.98000000000002 247.98000000000002
0 1417.50875 776.50875 116.98 192.98000000000002
0 1582.50875 652.50875 123.98 136.98
0 1858.50875 566.50875 123.98 204.98000000000002
0 2390.50875 409.50875 115.98 181.98
0 2745.50875 414.50875 120.98 230.98000000000002
0 3201.50875 452.50875 161.98 174.98
0 414.50875 255.508125 146.98 204.98125000000002
0 72.50875 158.508125 116.98 199.98125000000002
0 782.50875 75.50875 189.98 209.98000000000002
0 1240.50875 92.508125 105.98 177.98125000000002
0 1493.50875 77.50875 141.98 227.98000000000002
0 1696.50875 24.50875 113.98 174.98
0 1838.50875 125.50875 80.98 159.98
0 2084.50875 27.50875 123.98 158.98
0 3049.50875 153.508125 80.98 128.98125
0 2803.50875 0.50875 128.98 140.98
0 2324.50875 0.50875 108.98 137.98
0 3317.50875 0.50875 106.98 178.98
0 3492.50875 351.50875 155.98 194.98000000000002
0 204.508125 2464.50875 174.98125000000002 189.98
0 3540.50875 42.50875 107.98 174.98
0 1929.50875 0.50875 100.98 71.9775
0 1215.50875 0.50875 100.98 127.98
0 0.50875 789.50875 66.9775 83.98
0 2550.50875 0.508125 174.98 84.97875
0 3443.50875 6.508125 57.980000000000004 112.97875
0 1798.50875 1231.50875 96.98 191.98000000000002
