0 1235.50875 1352.50875 212.98000000000002 156.98
0 1866.50875 2045.50875 68.98 93.98
0 1784.50875 1245.50875 210.98000000000002 237.98000000000002
0 2165.50875 1215.50875 146.98 166.98
0 2537.50875 1298.50875 149.98 161.98
0 3021.50875 1876.50875 148.98 133.98
0 2973.50875 1296.50875 128.98 171.98
0 3127.50875 1035.50875 174.98 202.98000000000002
0 3165.50875 716.50875 124.98 186.98
0 2590.50875 863.50875 179.98 120.98
0 2902.50875 406.50875 143.98 225.98000000000002
0 3224.50875 533.50875 138.98 161.98
0 3515.50875 391.50875 123.98 151.98
0 2740.50875 421.50875 103.98 159.98
0 1866.50875 658.50875 125.98 193.98000000000002
0 1661.50875 779.50875 115.98 110.98
0 1357.50875 741.50875 105.98 197.98000000000002
0 1020.5087500000001 627.50875 239.98000000000002 260.98
0 1004.5087500000001 1012.5087500000001 91.98 126.98
0 794.50875 951.50875 68.98 123.98
0 381.50875 1063.50875 116.98 128.98
0 163.508125 741.50875 98.98125 121.98
0 133.508125 333.50875 75.98125 95.98
0 650.50875 678.50875 141.98 125.98
0 845.50875 148.508125 143.98 177.98125000000002
0 1220.50875 92.508125 143.98 184.98125000000002
0 1688.50875 9.508750000000001 113.98 184.98
0 3206.50875 184.508125 90.98 115.98125
0 2375.50875 2279.50875 65.98 65.98
0 2570.50875 24.50875 131.98 149.98
0 1843.50875 333.50875 47.980000000000004 73.98
0 3586.50875 2198.50875 61.980000000000004 115.98
0 0.508125 398.50875 92.97875 78.98
0 3367.50875 122.50875 38.980000000000004 117.98
