0 159.508125 0.50875 130.98125 207.98000000000002
0 66.50875 821.50875 159.98 220.98000000000002
0 365.50875 1434.50875 291.98 298.98
0 825.50875 526.50875 102.98 198.98000000000002
0 1751.50875 4.50875 134.98 154.98
0 764.50875 1569.50875 110.98 135.98
0 689.50875 2310.50875 188.98 174.98
0 3475.50875 51.50875 172.98 192.98000000000002
0 2638.50875 198.508125 131.98 252.98125000000002
0 3411.50875 957.50875 92.98 95.98
0 2855.50875 932.50875 145.98 187.98
0 2360.50875 1416.50875 78.98 195.98000000000002
0 3094.50875 1537.50875 135.98 192.98000000000002
0 2396.50875 2449.50875 259.98 195.98000000000002
