0 2291.50875 1116.50875 131.98 164.98
0 2747.50875 1141.50875 144.98 210.98000000000002
0 2251.50875 1258.50875 141.98 191.98000000000002
0 1605.50875 1263.50875 128.98 212.98000000000002
0 1258.50875 1364.50875 166.98 159.98
0 693.50875 1438.50875 62.980000000000004 92.98
0 331.50875 1671.50875 133.98 85.98
0 776.50875 1972.50875 101.98 123.98
0 1615.50875 2172.50875 57.980000000000004 121.98
0 1040.50875 2466.50875 88.98 85.98
0 1876.50875 1939.50875 80.98 103.98
0 2413.50875 2157.50875 143.98 169.98
0 2530.50875 2238.50875 239.98000000000002 187.98
0 3021.50875 1858.50875 121.98 123.98
0 3198.50875 1884.50875 129.98 118.98
0 3442.50875 2056.50875 118.98 161.98
0 0.50875 2532.50875 193.98000000000002 199.98000000000002
0 313.50875 984.5087500000001 161.98 184.98
0 480.50875 974.50875 133.98 138.98
0 936.50875 855.50875 166.98 184.98
0 1035.50875 584.50875 237.98000000000002 260.98
0 675.50875 776.50875 133.98 126.98
0 498.50875 581.50875 153.98 184.98
0 153.508125 592.50875 111.98125 196.98000000000002
0 176.508125 298.50875 202.98125000000002 189.98
0 1334.50875 665.50875 136.98 222.98000000000002
0 1488.50875 698.50875 123.98 250.98000000000002
0 1650.50875 645.50875 113.98 138.98
0 1846.50875 911.50875 143.98 136.98
0 2302.50875 779.50875 120.98 154.98
0 2398.50875 384.50875 110.98 171.98
0 2628.50875 809.50875 171.98 166.98
0 3188.50875 1040.50875 182.98 212.98000000000002
0 3431.50875 820.50875 96.98 153.98
0 3249.50875 627.50875 171.98 232.98000000000002
0 3350.50875 247.508125 129.98 222.98125000000002
0 3492.50875 351.50875 155.98 194.98000000000002
0 2603.50875 437.50875 151.98 194.98000000000002
0 2628.50875 196.508125 167.98 144.98125000000002
0 1962.50875 191.508125 123.98 118.98125
0 1623.50875 184.508125 143.98 184.98125000000002
0 1040.50875 136.508125 138.98 216.98125000000002
0 784.50875 75.50875 187.98 204.98000000000002
0 906.50875 0.50875 123.98 137.98
0 206.508125 44.50875 144.98125000000002 167.98
0 358.50875 0.508125 98.98 97.97875
0 1238.50875 95.508125 102.98 184.98125000000002
0 2109.50875 0.50875 105.98 162.98
0 1802.50875 0.50875 93.98 132.98
0 2861.50875 82.50875 65.98 111.98
0 3041.50875 92.508125 108.98 141.98125000000002
0 2813.50875 0.50875 121.98 76.9775
0 3229.50875 32.50875 136.98 196.98000000000002
0 3350.50875 75.508125 123.98 130.98125
0 0.50875 1998.50875 130.98 176.98
0 1815.50875 1238.50875 164.98 265.98
0 1924.50875 1281.50875 126.98 153.98
0 774.50875 1167.50875 85.98 90.98
