0 556.50875 0.50875 241.98000000000002 278.98
0 23.50875 170.50875 269.98 578.98
0 376.508125 1734.50875 500.98125 405.98
0 1150.50875 13.508750000000001 201.98000000000002 554.98
0 1273.50875 0.50875 123.98 152.98
0 2151.50875 483.50875 196.98000000000002 467.98
0 2083.50875 1824.50875 248.98000000000002 412.98
0 3015.50875 1012.5087500000001 275.98 476.98
0 2984.50875 0.50875 232.98000000000002 275.98
0 4188.50875 1010.5087500000001 83.98 298.98
0 1506.50875 2595.50875 391.98 252.98000000000002
