0 141.508125 0.50875 149.98125000000002 225.98000000000002
0 0.50875 867.50875 186.98 206.98000000000002
0 796.50875 529.50875 110.98 188.98
0 1726.50875 0.50875 127.98 204.98000000000002
0 2645.50875 198.508125 120.98 230.98125000000002
0 2788.50875 230.508125 198.98000000000002 216.98125000000002
0 3190.50875 803.50875 127.98 274.98
0 98.50875 1573.50875 124.98 113.98
0 729.50875 1541.50875 109.98 159.98
0 1904.50875 1494.50875 85.98 142.98
0 2370.50875 1356.50875 302.98 216.98000000000002
0 3390.50875 2520.50875 91.98 67.98
0 1844.50875 2360.50875 70.98 85.98
