0 625.50875 311.50875 148.98 104.98
0 760.50875 527.50875 248.98000000000002 85.98
0 196.508125 1427.50875 174.98125000000002 400.98
0 1376.50875 1839.50875 340.98 242.98000000000002
0 2137.50875 1093.50875 270.98 158.98
0 2500.50875 1252.50875 104.98 231.98000000000002
0 2860.50875 198.508125 75.98 237.98125000000002
0 1914.50875 64.50875 184.98 270.98
0 1537.50875 404.50875 208.98000000000002 249.98000000000002
0 1158.50875 0.508125 54.980000000000004 89.97875
0 2543.50875 371.50875 47.980000000000004 116.98
0 505.50875 805.50875 143.98 122.98
