0 338.50875 1823.50875 192.98000000000002 201.98000000000002
0 1017.5087500000001 1884.50875 192.98000000000002 173.98
0 1288.50875 2362.50875 149.98 144.98
0 1775.50875 2266.50875 209.98000000000002 202.98000000000002
0 2428.50875 2150.50875 144.98 161.98
0 2550.50875 2223.50875 244.98000000000002 189.98
0 3224.50875 1835.50875 153.98 139.98
0 3079.50875 1729.50875 139.98 151.98
0 3358.50875 1967.50875 156.98 169.98
0 2747.50875 1131.50875 146.98 214.98000000000002
0 2367.50875 1352.50875 169.98 125.98
0 2094.50875 1217.50875 176.98 217.98000000000002
0 1813.50875 1232.50875 171.98 263.98
0 1597.50875 1263.50875 131.98 202.98000000000002
0 1255.50875 1346.50875 212.98000000000002 164.98
0 662.50875 1369.50875 121.98 131.98
0 293.50875 1635.50875 158.98 101.98
0 110.508125 984.5087500000001 161.98125000000002 149.98
0 452.50875 994.5087500000001 133.98 167.98
0 873.50875 931.50875 136.98 154.98
0 1073.50875 845.50875 115.98 164.98
0 1083.50875 584.50875 207.98000000000002 247.98000000000002
0 498.50875 566.50875 151.98 199.98000000000002
0 136.508125 581.50875 123.98125 194.98000000000002
0 199.508125 280.50875 174.98125000000002 194.98000000000002
0 57.50875 110.508125 128.98 209.98125000000002
0 257.50875 0.50875 128.98 162.98
0 784.50875 60.50875 189.98 204.98000000000002
0 1048.50875 118.508125 145.98 204.98125000000002
0 1240.50875 90.50875 141.98 186.98
0 1504.50875 67.50875 128.98 240.98000000000002
0 1696.50875 0.50875 116.98 226.98000000000002
0 1846.50875 67.50875 100.98 176.98
0 2053.50875 133.508125 90.98 161.98125000000002
0 2446.50875 65.50875 75.98 156.98
0 2213.50875 503.50875 120.98 151.98
0 1321.50875 647.50875 133.98 215.98000000000002
0 1496.50875 675.50875 121.98 250.98000000000002
0 1668.50875 632.50875 95.98 138.98
0 2066.50875 802.50875 103.98 141.98
0 2348.50875 688.50875 178.98 199.98000000000002
0 2416.50875 353.50875 100.98 187.98
0 2750.50875 412.50875 126.98 219.98000000000002
0 3211.50875 440.50875 171.98 178.98
0 3252.50875 624.50875 189.98 220.98000000000002
0 3201.50875 1035.50875 181.98 217.98000000000002
0 2970.50875 1225.50875 154.98 207.98000000000002
0 0.50875 2519.50875 213.98000000000002 197.98000000000002
0 3345.50875 239.508125 123.98 217.98125000000002
0 3497.50875 338.50875 150.98 199.98000000000002
0 3056.50875 54.50875 111.98 134.98
0 2832.50875 0.50875 112.98 64.9775
0 3325.50875 0.50875 123.98 155.98
0 1835.50875 1939.50875 124.98 103.98
0 1889.50875 2487.50875 54.980000000000004 66.98
0 2604.50875 0.50875 102.98 51.980000000000004
0 1941.50875 0.50875 84.98 50.980000000000004
0 3589.50875 30.50875 58.980000000000004 97.98
0 0.508125 1225.50875 86.97875 112.98
0 2163.50875 1964.50875 42.980000000000004 75.98
