0 505.50875 976.50875 275.98 294.98
0 664.50875 1067.50875 68.98 181.98
0 546.50875 1436.50875 198.98000000000002 559.98
0 1321.50875 1957.50875 350.98 333.98
0 2084.50875 1076.50875 343.98 302.98
0 1307.50875 961.50875 64.98 323.98
0 1446.50875 493.50875 126.98 194.98000000000002
0 548.50875 433.50875 285.98 244.98000000000002
0 64.50875 258.508125 162.98 412.98125
0 2519.50875 409.50875 66.98 129.98
0 2860.50875 239.508125 207.98000000000002 253.98125000000002
0 1640.50875 4.50875 189.98 327.98
0 2536.50875 1357.50875 85.98 146.98
0 1026.50875 656.50875 49.980000000000004 115.98
0 2461.50875 88.508125 81.98 176.98125000000002
