0 119.508125 1055.50875 212.98125000000002 419.98
0 378.50875 1530.50875 289.98 510.98
0 1309.50875 1957.50875 359.98 346.98
0 1312.50875 949.50875 85.98 446.98
0 503.50875 352.50875 97.98 241.98000000000002
0 0.50875 364.50875 139.98 371.98
0 1592.50875 0.50875 165.98 324.98
0 2053.50875 0.50875 292.98 159.98
0 3004.50875 227.508125 227.98000000000002 390.98125
0 2665.50875 193.508125 256.98 323.98125
0 2524.50875 421.50875 51.980000000000004 122.98
0 2437.50875 1384.50875 227.98000000000002 296.98
0 2058.50875 1146.50875 361.98 395.98
0 1451.50875 455.50875 145.98 265.98
0 352.50875 1225.50875 61.980000000000004 167.98
0 1849.50875 2048.50875 88.98 83.98
