0 3229.50875 1273.50875 226.98000000000002 294.98
0 2010.50875 1273.50875 316.98 282.98
0 1362.50875 937.50875 117.98 441.98
0 889.50875 1681.50875 201.98000000000002 400.98
0 0.50875 1856.50875 303.98 179.98
0 599.50875 1057.50875 176.98 306.98
0 0.50875 359.50875 147.98 385.98
0 426.50875 455.50875 201.98000000000002 263.98
0 904.50875 676.50875 198.98000000000002 284.98
0 1544.50875 433.50875 95.98 304.98
0 1626.50875 0.50875 153.98 329.98
0 719.50875 148.508125 44.980000000000004 140.98125000000002
0 40.50875 0.50875 59.980000000000004 171.98
0 2101.50875 0.50875 263.98 159.98
0 3042.50875 210.508125 213.98000000000002 316.98125
0 2680.50875 205.508125 279.98 333.98125
0 2334.50875 851.50875 210.98000000000002 208.98000000000002
