0 0.50875 368.508125 168.98 472.98125
0 95.50875 1036.50875 236.98000000000002 443.98
0 589.50875 1050.50875 203.98000000000002 299.98
0 371.50875 1585.50875 301.98 484.98
0 1304.50875 1950.50875 386.98 353.98
0 1693.50875 1110.50875 321.98 359.98
0 1033.50875 1302.50875 54.980000000000004 145.98
0 1321.50875 443.50875 244.98000000000002 342.98
0 1132.50875 0.50875 71.98 343.98
0 714.50875 116.508125 45.980000000000004 153.98125000000002
0 546.50875 308.50875 69.98 266.98
0 1607.50875 0.50875 186.98 331.98
0 2101.50875 0.50875 263.98 159.98
0 2313.50875 445.50875 114.98 285.98
0 2675.50875 212.508125 294.98 316.98125
0 3253.50875 1266.50875 202.98000000000002 349.98
0 1996.50875 1304.50875 301.98 251.98000000000002
0 2804.50875 601.50875 199.98000000000002 280.98
