0 875.50875 1775.50875 203.98000000000002 356.98
0 318.508125 1648.50875 333.98125 443.98
0 534.50875 1062.50875 237.98000000000002 326.98
0 992.5087500000001 1273.50875 86.98 201.98000000000002
0 1686.50875 1105.50875 268.98 345.98
0 2082.50875 1184.50875 361.98 278.98
0 2480.50875 1367.50875 98.98 140.98
0 2322.50875 901.50875 136.98 69.98
0 2531.50875 330.50875 169.98 258.98
0 2096.50875 805.50875 91.98 100.98
0 1312.50875 474.50875 169.98 287.98
0 1592.50875 0.50875 175.98 341.98
0 1093.50875 0.50875 102.98 444.98
0 610.50875 95.50875 127.98 241.98000000000002
0 390.50875 452.50875 174.98 280.98
0 1991.50875 35.50875 176.98 337.98
0 2680.50875 224.508125 301.98 304.98125
0 3078.50875 244.508125 181.98 287.98125
0 2401.50875 71.50875 194.98000000000002 337.98
