0 762.50875 1854.50875 289.98 412.98
0 1249.50875 1955.50875 364.98 348.98
0 145.50875 1177.50875 398.98 340.98
0 908.50875 1276.50875 119.98 176.98
0 731.50875 687.50875 308.98 323.98
0 366.50875 354.50875 100.98 227.98000000000002
0 640.50875 52.50875 179.98 445.98
0 1607.50875 1160.50875 289.98 323.98
0 1367.50875 527.50875 179.98 270.98
0 1194.50875 220.508125 184.98 222.98125000000002
0 1348.50875 0.508125 236.98000000000002 96.97875
0 1986.50875 73.50875 126.98 309.98
0 2156.50875 83.50875 321.98 393.98
0 2452.50875 328.50875 193.98000000000002 299.98
0 2860.50875 265.508125 145.98 263.98125
0 3114.50875 0.50875 258.98 199.98000000000002
0 3323.50875 709.50875 132.98 174.98
0 2358.50875 1446.50875 292.98 443.98
0 2080.50875 1235.50875 330.98 373.98
0 1974.50875 868.50875 114.98 155.98
0 2728.50875 608.50875 155.98 287.98
