0 1271.50875 1931.50875 323.98 372.98
0 752.50875 1688.50875 251.98000000000002 405.98
0 0.508125 1784.50875 82.97875 287.98
0 0.50875 397.50875 77.9775 299.98
0 371.50875 390.50875 193.98000000000002 306.98
0 769.50875 606.50875 314.98 294.98
0 402.50875 1199.50875 292.98 285.98
0 1264.50875 908.50875 275.98 472.98
0 1988.50875 1216.50875 302.98 272.98
0 2334.50875 1168.50875 309.98 272.98
0 3256.50875 1259.50875 199.98000000000002 335.98
0 2948.50875 251.508125 235.98000000000002 284.98125
0 2663.50875 224.508125 263.98 295.98125
0 2240.50875 16.50875 230.98000000000002 375.98
0 2015.50875 11.508750000000001 141.98 359.98
0 2365.50875 654.50875 270.98 287.98
0 1823.50875 560.50875 112.98 275.98
0 1506.50875 460.50875 143.98 344.98
0 1362.50875 0.508125 203.98000000000002 99.97875
0 1093.50875 0.50875 83.98 295.98
0 505.50875 0.50875 162.98 269.98
