0 428.50875 1213.50875 295.98 294.98
0 371.50875 1626.50875 332.98 472.98
0 793.50875 1734.50875 299.98 381.98
0 0.50875 0.508125 151.98 123.97875
0 2.508125 392.50875 108.97875 347.98
0 594.50875 320.50875 59.980000000000004 242.98000000000002
0 906.50875 1.50875 141.98 278.98
0 1338.50875 116.50875 170.98 352.98
0 1561.50875 438.50875 131.98 335.98
0 1902.50875 702.50875 184.98 357.98
0 1112.50875 1160.50875 88.98 232.98000000000002
0 1780.50875 1758.50875 126.98 229.98000000000002
0 2017.50875 1280.50875 328.98 249.98000000000002
0 2466.50875 1182.50875 251.98000000000002 273.98
0 2466.50875 1384.50875 285.98 356.98
0 2384.50875 733.50875 314.98 244.98000000000002
0 2377.50875 44.50875 230.98000000000002 364.98
0 2128.50875 0.50875 224.98000000000002 127.98
0 2701.50875 205.508125 275.98 335.98125
0 3037.50875 251.508125 246.98000000000002 361.98125
0 2262.50875 443.50875 169.98 349.98
0 3385.50875 649.50875 47.980000000000004 105.98
