0 0.50875 1076.50875 231.98000000000002 381.98
0 421.50875 1585.50875 318.98 491.98
0 618.50875 997.5087500000001 316.98 438.98
0 371.50875 469.50875 184.98 273.98
0 577.50875 306.50875 62.980000000000004 253.98000000000002
0 0.50875 37.50875 55.980000000000004 146.98
0 875.50875 0.50875 143.98 288.98
0 1369.50875 112.50875 158.98 306.98
0 1588.50875 416.50875 124.98 374.98
0 1127.50875 1098.50875 109.98 246.98000000000002
0 1432.50875 1907.50875 239.98000000000002 396.98
0 1751.50875 1098.50875 292.98 347.98
0 1720.50875 544.50875 337.98 291.98
0 2183.50875 1132.50875 342.98 330.98
0 2497.50875 1242.50875 236.98000000000002 335.98
0 3308.50875 1264.50875 147.98 215.98000000000002
0 2286.50875 440.50875 169.98 364.98
0 2132.50875 0.50875 182.98 161.98
0 2504.50875 316.50875 266.98 299.98
0 2905.50875 236.508125 158.98 249.98125000000002
0 3282.50875 0.50875 160.98 135.98
0 1662.50875 0.50875 155.98 324.98
0 3352.50875 661.50875 103.98 244.98000000000002
0 2603.50875 0.508125 131.98 111.97875
