0 3048.50875 0.508125 77.98 83.97875
0 37.50875 84.50875 124.98 223.98000000000002
0 1103.50875 151.508125 109.98 178.98125000000002
0 2798.50875 0.50875 170.98 193.98000000000002
0 2827.50875 230.508125 227.98000000000002 220.98125000000002
0 846.50875 511.50875 110.98 188.98
0 77.50875 850.50875 155.98 216.98000000000002
0 134.508125 1555.50875 123.98125 124.98
0 397.50875 1434.50875 295.98 298.98
0 1128.50875 1544.50875 70.98 142.98
0 1470.50875 900.50875 137.98 184.98
0 3429.50875 921.50875 84.98 116.98
0 2923.50875 949.50875 184.98 195.98000000000002
0 2446.50875 1345.50875 326.98 205.98000000000002
0 683.50875 2346.50875 187.98 159.98
0 2446.50875 2424.50875 291.98 213.98000000000002
