0 1694.50875 1455.50875 135.98 185.98
0 2025.50875 864.50875 181.98 220.98000000000002
0 1804.50875 490.50875 202.98000000000002 287.98
0 814.50875 593.50875 138.98 224.98000000000002
0 468.50875 664.50875 384.98 356.98
0 1145.50875 1302.50875 224.98000000000002 209.98000000000002
0 326.508125 1965.50875 391.98125 462.98
0 0.50875 579.50875 154.98 245.98000000000002
0 155.508125 66.50875 124.98125 184.98
0 1253.50875 134.508125 255.98000000000002 252.98125000000002
0 1598.50875 16.50875 220.98000000000002 248.98000000000002
0 2129.50875 0.50875 134.98 150.98
0 2303.50875 305.508125 313.98 423.98125
0 3098.50875 689.50875 266.98 306.98
0 3493.50875 654.50875 154.98 255.98000000000002
