0 1141.50875 361.50875 143.98 239.98000000000002
0 616.50875 385.50875 164.98 225.98000000000002
0 179.508125 820.50875 148.98125000000002 157.98
0 124.508125 1494.50875 224.98125000000002 263.98
0 1592.50875 755.50875 91.98 181.98
0 1612.50875 28.50875 123.98 150.98
0 1864.50875 40.50875 138.98 200.98000000000002
0 2320.50875 126.50875 71.98 165.98
0 2447.50875 464.50875 97.98 122.98
0 3042.50875 220.508125 114.98 193.98125000000002
0 3344.50875 229.50875 103.98 81.98
0 3352.50875 0.50875 83.98 72.9775
0 611.50875 2.50875 64.98 139.98
0 635.50875 344.50875 40.980000000000004 160.98
