0 97.50875 1283.50875 246.98000000000002 325.98
0 664.50875 985.5087500000001 114.98 184.98
0 1153.50875 292.50875 186.98 246.98000000000002
0 659.50875 282.50875 49.980000000000004 150.98
0 0.50875 0.50875 63.980000000000004 77.9775
0 767.50875 0.508125 85.98 101.97875
0 1664.50875 8.508750000000001 81.98 155.98
0 1914.50875 0.50875 90.98 175.98
0 2125.50875 0.50875 83.98 139.98
0 2294.50875 241.508125 131.98 261.98125
0 2418.50875 0.50875 57.980000000000004 127.98
0 2413.50875 64.508125 40.980000000000004 109.98125
0 2449.50875 1182.50875 112.98 93.98
0 908.50875 1213.50875 153.98 218.98000000000002
0 167.508125 700.50875 172.98125000000002 179.98
0 361.50875 522.50875 52.980000000000004 155.98
0 2797.50875 364.50875 45.980000000000004 126.98
0 3011.50875 1.50875 126.98 177.98
0 3316.50875 128.508125 139.98 211.98125000000002
0 3316.50875 143.508125 121.98 119.98125
0 2876.50875 956.50875 47.980000000000004 112.98
