0 59.50875 1189.50875 222.98000000000002 345.98
0 0.50875 0.50875 63.980000000000004 144.98
0 419.50875 66.50875 98.98 114.98
0 656.50875 301.50875 151.98 215.98000000000002
0 1165.50875 292.50875 198.98000000000002 207.98000000000002
0 1643.50875 56.50875 90.98 208.98000000000002
0 1844.50875 6.508125 69.98 107.97875
0 2125.50875 0.50875 88.98 142.98
0 1513.50875 337.50875 103.98 153.98
0 1578.50875 620.50875 201.98000000000002 316.98
0 969.50875 1319.50875 85.98 208.98000000000002
0 740.50875 1043.50875 81.98 203.98000000000002
0 1667.50875 1614.50875 49.980000000000004 52.980000000000004
0 2552.50875 1118.50875 103.98 173.98
0 2252.50875 205.508125 175.98 287.98125
0 2269.50875 4.50875 92.98 159.98
0 2418.50875 20.50875 66.98 131.98
0 2684.50875 104.508125 81.98 179.98125000000002
0 2807.50875 124.50875 47.980000000000004 114.98
0 2908.50875 577.50875 97.98 225.98000000000002
0 3217.50875 342.50875 182.98 316.98
0 661.50875 8.508750000000001 74.98 93.9775
0 2982.50875 100.508125 71.98 179.98125000000002
0 3169.50875 160.508125 141.98 222.98125000000002
0 3172.50875 0.50875 111.98 135.98
0 3380.50875 0.508125 75.98 89.97875
0 2696.50875 618.50875 93.98 162.98
0 436.50875 174.508125 102.98 136.98125000000002
