0 16.50875 1319.50875 253.98000000000002 361.98
0 635.50875 973.50875 114.98 177.98
0 697.50875 1463.50875 114.98 160.98
0 995.5087500000001 1319.50875 148.98 253.98000000000002
0 1612.50875 1588.50875 80.98 119.98
0 184.508125 683.50875 104.98125 200.98000000000002
0 306.50875 472.50875 150.98 325.98
0 111.50875 0.508125 100.98 84.97875
0 474.50875 8.508125 59.980000000000004 98.97875
0 580.50875 0.508125 114.98 99.97875
0 587.50875 246.50875 80.98 155.98
0 563.50875 354.50875 208.98000000000002 256.98
0 1134.50875 299.50875 189.98 265.98
0 1400.50875 0.50875 43.980000000000004 60.980000000000004
0 1427.50875 313.50875 61.980000000000004 189.98
0 1597.50875 277.50875 42.980000000000004 136.98
0 1573.50875 0.50875 126.98 171.98
0 1842.50875 1.50875 172.98 172.98
0 2108.50875 0.508125 79.98 99.97875
0 2236.50875 198.508125 181.98 249.98125000000002
0 2437.50875 100.508125 153.98 169.98125000000002
0 2272.50875 78.508125 135.98 129.98125
0 2624.50875 92.50875 131.98 218.98000000000002
0 2783.50875 102.508125 73.98 145.98125000000002
0 2860.50875 184.508125 47.980000000000004 138.98125000000002
0 2504.50875 1105.50875 134.98 213.98000000000002
0 1580.50875 664.50875 191.98000000000002 359.98
0 2651.50875 594.50875 172.98 222.98000000000002
0 3131.50875 779.50875 114.98 100.98
0 2970.50875 688.50875 81.98 109.98
0 3035.50875 0.50875 143.98 175.98
0 2965.50875 68.50875 102.98 182.98
0 3164.50875 42.50875 129.98 213.98000000000002
0 3193.50875 323.50875 179.98 301.98
0 3368.50875 275.50875 87.98 164.98
