0 0.50875 1336.50875 271.98 344.98
0 637.50875 1458.50875 194.98000000000002 198.98000000000002
0 908.50875 1300.50875 227.98000000000002 361.98
0 620.50875 932.50875 141.98 203.98000000000002
0 37.50875 827.50875 225.98000000000002 227.98000000000002
0 313.50875 443.50875 198.98000000000002 299.98
0 0.50875 0.508125 70.9775 89.97875
0 253.50875 28.50875 124.98 116.98
0 380.50875 30.50875 98.98 112.98
0 594.50875 0.508125 121.98 118.97875
0 565.50875 256.50875 122.98 150.98
0 832.50875 277.508125 174.98 311.98125
0 868.50875 856.50875 107.98 155.98
0 1357.50875 280.508125 170.98 275.98125
0 1302.50875 0.508125 69.98 120.97875
0 1583.50875 6.50875 148.98 162.98
0 1652.50875 152.50875 230.98000000000002 311.98
0 1525.50875 275.50875 81.98 193.98000000000002
0 1496.50875 688.50875 148.98 270.98
0 1264.50875 1448.50875 135.98 182.98
0 1538.50875 1564.50875 212.98000000000002 138.98
0 1960.50875 395.50875 99.98 179.98
0 1862.50875 0.50875 164.98 175.98
0 2089.50875 0.508125 126.98 106.97875
0 2080.50875 155.508125 135.98 145.98125000000002
0 2279.50875 179.508125 191.98000000000002 292.98125
0 2300.50875 6.50875 122.98 220.98000000000002
0 2461.50875 11.508750000000001 88.98 191.98000000000002
0 2528.50875 272.508125 119.98 237.98125000000002
0 2653.50875 52.50875 57.980000000000004 159.98
0 2653.50875 66.50875 141.98 210.98000000000002
0 2773.50875 59.50875 66.98 138.98
0 2999.50875 0.508125 109.98 125.97875
0 2920.50875 167.508125 128.98 222.98125000000002
0 3080.50875 0.50875 129.98 139.98
0 3378.50875 0.508125 77.98 87.97875
0 3066.50875 100.50875 198.98000000000002 282.98
0 3227.50875 40.50875 143.98 205.98000000000002
0 3366.50875 152.508125 89.98 119.98125
0 3340.50875 625.50875 71.98 143.98
0 2771.50875 311.50875 174.98 289.98
0 2932.50875 553.50875 128.98 287.98
0 2639.50875 882.50875 104.98 189.98
0 2836.50875 1189.50875 296.98 335.98
0 3270.50875 1146.50875 167.98 256.98
0 2339.50875 1297.50875 42.980000000000004 86.98
