0 44.50875 724.50875 199.98000000000002 267.98
0 404.50875 1499.50875 124.98 313.98
0 400.50875 980.50875 193.98000000000002 395.98
0 606.50875 940.50875 243.98000000000002 325.98
0 865.50875 1230.50875 263.98 285.98
0 1386.50875 1400.50875 179.98 167.98
0 820.50875 779.50875 116.98 268.98
0 522.50875 229.508125 126.98 148.98125000000002
0 246.508125 436.50875 229.98125000000002 263.98
0 92.50875 0.508125 112.98 89.97875
0 311.50875 124.508125 148.98 181.98125000000002
0 428.50875 0.50875 105.98 137.98
0 678.50875 0.508125 126.98 87.97875
0 995.5087500000001 227.508125 80.98 160.98125000000002
0 1468.50875 604.50875 92.98 258.98
0 1458.50875 332.50875 174.98 275.98
0 1381.50875 42.50875 86.98 212.98000000000002
0 1734.50875 1518.50875 189.98 150.98
0 2831.50875 1079.50875 241.98000000000002 395.98
0 3177.50875 1220.50875 88.98 136.98
0 3150.50875 577.50875 143.98 232.98000000000002
0 2636.50875 520.50875 227.98000000000002 210.98000000000002
0 2584.50875 829.50875 145.98 191.98000000000002
0 2920.50875 503.50875 99.98 486.98
0 3212.50875 280.508125 165.98 265.98125
0 3366.50875 143.508125 89.98 83.98125
0 3200.50875 6.50875 124.98 237.98000000000002
0 3068.50875 14.508750000000001 132.98 207.98000000000002
0 2926.50875 6.50875 170.98 176.98
0 2867.50875 126.508125 85.98 179.98125000000002
0 2651.50875 32.50875 135.98 201.98000000000002
0 2485.50875 145.508125 110.98 198.98125000000002
0 2411.50875 2.50875 112.98 149.98
0 2264.50875 0.50875 124.98 58.980000000000004
0 2058.50875 131.508125 215.98000000000002 246.98125000000002
0 2046.50875 0.508125 141.98 87.97875
0 1857.50875 0.50875 162.98 130.98
0 1907.50875 327.50875 160.98 213.98000000000002
0 1652.50875 28.50875 165.98 179.98
0 1669.50875 150.508125 182.98 289.98125
0 810.50875 270.508125 162.98 301.98125
0 1391.50875 1098.50875 136.98 174.98
0 85.50875 1388.50875 184.98 231.98000000000002
0 2620.50875 0.50875 87.98 137.98
0 1146.50875 0.508125 59.980000000000004 91.97875
0 2972.50875 1.50875 134.98 153.98
