0 803.50875 1333.50875 157.98 270.98
0 512.50875 1290.50875 261.98 325.98
0 565.50875 877.50875 270.98 359.98
0 875.50875 452.50875 196.98000000000002 259.98
0 54.50875 1326.50875 196.98000000000002 265.98
0 366.50875 1439.50875 126.98 229.98000000000002
0 1352.50875 1319.50875 215.98000000000002 308.98
0 1309.50875 1036.50875 227.98000000000002 260.98
0 2274.50875 1153.50875 66.98 136.98
0 2857.50875 1024.50875 266.98 371.98
0 3325.50875 1024.50875 130.98 296.98
0 2910.50875 445.50875 143.98 280.98
0 3296.50875 529.50875 119.98 194.98000000000002
0 3296.50875 409.50875 95.98 131.98
0 3347.50875 143.508125 108.98 90.98125
0 3191.50875 0.50875 136.98 216.98000000000002
0 3044.50875 0.50875 158.98 187.98
0 2941.50875 0.50875 138.98 171.98
0 2857.50875 73.50875 71.98 165.98
0 2716.50875 0.50875 126.98 146.98
0 2608.50875 0.508125 111.98 125.97875
0 2615.50875 443.50875 237.98000000000002 244.98000000000002
0 2572.50875 793.50875 164.98 181.98
0 239.508125 426.50875 258.98125 304.98
0 532.50875 344.50875 231.98000000000002 239.98000000000002
0 349.50875 282.50875 153.98 186.98
0 11.508750000000001 419.50875 152.98 172.98
0 203.508125 0.508125 131.98125 101.97875
0 935.50875 174.508125 124.98 208.98125000000002
0 560.50875 0.508125 163.98 94.97875
0 659.50875 0.508125 148.98 101.97875
0 424.50875 0.508125 121.98 94.97875
0 1348.50875 0.50875 99.98 197.98000000000002
0 1124.50875 304.508125 196.98000000000002 298.98125
0 1391.50875 551.50875 179.98 328.98
0 2509.50875 85.50875 143.98 227.98000000000002
0 2389.50875 0.50875 110.98 135.98
0 2382.50875 52.50875 88.98 198.98000000000002
0 2224.50875 167.508125 109.98 143.98125000000002
0 2048.50875 18.50875 165.98 234.98000000000002
0 1842.50875 0.508125 179.98 125.97875
0 1693.50875 0.50875 129.98 189.98
0 1556.50875 0.50875 136.98 149.98
0 1533.50875 126.508125 131.98 217.98125000000002
0 1652.50875 138.50875 186.98 304.98
0 2104.50875 354.50875 191.98000000000002 294.98
0 3027.50875 808.50875 158.98 323.98
0 1732.50875 1494.50875 205.98000000000002 201.98000000000002
