0 2012.50875 1384.50875 64.98 104.98
0 1696.50875 1506.50875 39.980000000000004 117.98
0 1338.50875 1244.50875 234.98000000000002 304.98
0 1021.5087500000001 1160.50875 210.98000000000002 251.98000000000002
0 805.50875 1331.50875 150.98 277.98
0 294.50875 1405.50875 232.98000000000002 309.98
0 0.50875 1333.50875 209.98000000000002 275.98
0 491.50875 844.50875 268.98 330.98
0 80.50875 697.50875 203.98000000000002 232.98000000000002
0 126.508125 296.50875 193.98125000000002 206.98000000000002
0 344.50875 397.50875 146.98 174.98
0 529.50875 203.508125 131.98 172.98125000000002
0 1300.50875 932.50875 224.98000000000002 297.98
0 1050.50875 524.50875 97.98 194.98000000000002
0 901.50875 136.508125 138.98 195.98125000000002
0 719.50875 664.50875 246.98000000000002 354.98
0 224.50875 0.508125 93.98 82.97875
0 308.50875 37.50875 158.98 172.98
0 532.50875 2.50875 119.98 75.9775
0 748.50875 0.50875 118.98 219.98000000000002
0 1105.50875 0.508125 64.98 82.97875
0 1148.50875 306.508125 175.98 297.98125
0 1295.50875 0.50875 131.98 137.98
0 1535.50875 544.50875 246.98000000000002 330.98
0 2195.50875 1079.50875 78.98 239.98000000000002
0 1825.50875 320.50875 210.98000000000002 201.98000000000002
0 1424.50875 152.508125 187.98 259.98125
0 1532.50875 100.50875 117.98 241.98000000000002
0 1588.50875 0.50875 133.98 163.98
0 1820.50875 0.50875 153.98 161.98
0 2010.50875 16.50875 157.98 205.98000000000002
0 2135.50875 318.50875 188.98 273.98
0 2250.50875 138.508125 184.98 239.98125000000002
0 2272.50875 8.508750000000001 128.98 146.98
0 2461.50875 47.50875 136.98 248.98000000000002
0 2596.50875 0.508125 109.98 103.97875
0 2768.50875 25.50875 79.98 165.98
0 2447.50875 376.50875 210.98000000000002 145.98
0 2840.50875 104.50875 146.98 239.98000000000002
0 2956.50875 0.50875 126.98 137.98
0 3040.50875 1.50875 179.98 196.98000000000002
0 3189.50875 0.50875 140.98 158.98
0 3320.50875 157.508125 135.98 93.98125
0 3167.50875 248.508125 214.98000000000002 230.98125000000002
0 3114.50875 448.50875 208.98000000000002 267.98
0 2576.50875 412.50875 268.98 275.98
0 2910.50875 424.50875 109.98 296.98
0 3138.50875 762.50875 76.98 345.98
0 3059.50875 1072.50875 279.98 357.98
0 2502.50875 1115.50875 217.98000000000002 236.98000000000002
0 2569.50875 757.50875 170.98 220.98000000000002
