0 123.508125 0.50875 166.98125000000002 186.98
0 59.508125 643.50875 113.98125 134.98
0 34.50875 796.50875 174.98 256.98
0 490.50875 572.50875 130.98 191.98000000000002
0 1060.50875 94.50875 156.98 231.98000000000002
0 1263.50875 625.50875 95.98 167.98
0 1743.50875 0.50875 127.98 197.98000000000002
0 2770.50875 0.50875 170.98 172.98
0 2802.50875 169.508125 209.98000000000002 227.98125000000002
0 3233.50875 0.50875 120.98 161.98
0 2186.50875 397.50875 102.98 177.98
0 2435.50875 974.50875 42.980000000000004 174.98
0 3215.50875 728.50875 131.98 281.98
0 2360.50875 1167.50875 42.980000000000004 145.98
0 2374.50875 1416.50875 206.98000000000002 291.98
0 1911.50875 1445.50875 110.98 166.98
0 1063.50875 1473.50875 178.98 181.98
0 362.50875 1388.50875 301.98 344.98
0 3468.50875 2467.50875 134.98 109.98
0 1769.50875 2343.50875 209.98000000000002 144.98
