0 0.50875 1127.50875 216.98000000000002 275.98
0 428.50875 1117.50875 155.98 326.98
0 860.50875 1302.50875 91.98 201.98000000000002
0 1530.50875 1264.50875 160.98 167.98
0 1254.50875 1103.50875 131.98 229.98000000000002
0 1127.50875 863.50875 143.98 337.98
0 2536.50875 1127.50875 196.98000000000002 208.98000000000002
0 510.50875 870.50875 227.98000000000002 249.98000000000002
0 702.50875 491.50875 203.98000000000002 304.98
0 292.50875 407.50875 243.98000000000002 313.98
0 47.50875 128.508125 95.98 163.98125000000002
0 244.50875 0.508125 102.98 87.97875
0 306.50875 0.50875 119.98 175.98
0 462.50875 272.50875 119.98 189.98
0 551.50875 308.50875 188.98 263.98
0 788.50875 181.508125 127.98 198.98125000000002
0 1120.50875 292.50875 179.98 231.98000000000002
0 1268.50875 392.50875 203.98000000000002 218.98000000000002
0 1374.50875 44.50875 184.98 191.98000000000002
0 1636.50875 119.50875 224.98000000000002 270.98
0 1544.50875 0.50875 146.98 135.98
0 935.50875 44.50875 145.98 189.98
0 1861.50875 126.508125 170.98 229.98125000000002
0 2073.50875 20.50875 63.980000000000004 119.98
0 2190.50875 169.508125 133.98 287.98125
0 2243.50875 0.50875 128.98 192.98000000000002
0 2384.50875 1.508125 76.98 95.97875
0 2485.50875 0.50875 124.98 142.98
0 2634.50875 0.50875 109.98 199.98000000000002
0 2336.50875 347.50875 290.98 287.98
0 2715.50875 246.508125 206.98000000000002 229.98125000000002
0 2944.50875 385.50875 109.98 242.98000000000002
0 2550.50875 716.50875 189.98 217.98000000000002
0 2785.50875 78.50875 83.98 102.98
0 2708.50875 0.508125 124.98 99.97875
0 2987.50875 0.508125 109.98 125.97875
0 3076.50875 0.50875 97.98 156.98
0 3215.50875 0.50875 155.98 142.98
0 3140.50875 78.50875 127.98 167.98
0 3310.50875 143.508125 145.98 88.98125
0 3188.50875 196.508125 189.98 231.98125000000002
0 3196.50875 378.50875 143.98 203.98000000000002
0 3395.50875 822.50875 60.980000000000004 95.98
0 2895.50875 880.50875 300.98 332.98
0 2192.50875 896.50875 105.98 201.98000000000002
0 1842.50875 515.50875 172.98 212.98000000000002
0 1487.50875 983.5087500000001 217.98000000000002 246.98000000000002
0 3287.50875 438.50875 112.98 179.98
0 152.508125 200.508125 98.98125 115.98125
0 1348.50875 0.50875 104.98 70.9775
0 2500.50875 289.50875 143.98 119.98
