0 0.50875 1184.50875 243.98000000000002 239.98000000000002
0 0.50875 296.50875 178.98 237.98000000000002
0 0.508125 112.508125 125.97875 176.98125000000002
0 191.508125 0.50875 88.98125 51.980000000000004
0 267.50875 25.50875 122.98 155.98
0 128.508125 253.508125 191.98125000000002 196.98125000000002
0 575.50875 0.50875 148.98 67.9775
0 527.50875 191.508125 124.98 155.98125000000002
0 397.50875 256.508125 124.98 210.98125000000002
0 224.508125 637.50875 179.98125000000002 189.98
0 575.50875 894.50875 92.98 198.98000000000002
0 493.50875 1086.50875 297.98 335.98
0 268.50875 1789.50875 145.98 212.98000000000002
0 822.50875 1045.50875 301.98 285.98
0 1100.50875 904.50875 194.98000000000002 337.98
0 1274.50875 772.50875 250.98000000000002 327.98
0 1657.50875 839.50875 88.98 160.98
0 1667.50875 1360.50875 68.98 123.98
0 1849.50875 1427.50875 86.98 193.98000000000002
0 2142.50875 1124.50875 189.98 244.98000000000002
0 2531.50875 1110.50875 208.98000000000002 239.98000000000002
0 1542.50875 508.50875 258.98 313.98
0 846.50875 299.508125 253.98000000000002 299.98125
0 678.50875 88.50875 184.98 217.98000000000002
0 729.50875 510.50875 250.98000000000002 340.98
0 1129.50875 347.50875 194.98000000000002 256.98
0 1038.50875 0.50875 93.98 149.98
0 1357.50875 73.50875 177.98 193.98000000000002
0 1432.50875 239.508125 205.98000000000002 241.98125000000002
0 1604.50875 0.50875 141.98 159.98
0 1564.50875 68.50875 145.98 184.98
0 1847.50875 0.50875 160.98 144.98
0 2116.50875 1.50875 123.98 158.98
0 2159.50875 157.508125 186.98 309.98125
0 2255.50875 0.50875 155.98 151.98
0 2432.50875 0.508125 112.98 123.97875
0 2574.50875 0.50875 119.98 202.98000000000002
0 2663.50875 8.508750000000001 112.98 206.98000000000002
0 2788.50875 0.508125 104.98 96.97875
0 2984.50875 0.50875 100.98 67.9775
0 3080.50875 0.50875 91.98 168.98
0 3217.50875 0.50875 146.98 183.98
0 3054.50875 42.50875 191.98000000000002 244.98000000000002
0 3388.50875 244.50875 67.98 155.98
0 2874.50875 328.50875 100.98 193.98000000000002
0 2819.50875 277.50875 150.98 215.98000000000002
0 2452.50875 452.50875 224.98000000000002 223.98000000000002
0 2924.50875 469.50875 129.98 208.98000000000002
0 3145.50875 452.50875 225.98000000000002 199.98000000000002
0 3169.50875 678.50875 114.98 246.98000000000002
0 2773.50875 594.50875 59.980000000000004 189.98
0 3296.50875 827.50875 159.98 203.98000000000002
0 3323.50875 1060.50875 132.98 126.98
