0 123.508125 0.50875 166.98125000000002 197.98000000000002
0 514.50875 77.50875 114.98 159.98
0 1737.50875 0.50875 145.98 211.98000000000002
0 2798.50875 0.50875 156.98 161.98
0 2780.50875 183.508125 238.98000000000002 231.98125000000002
0 3276.50875 0.50875 98.98 164.98
0 3493.50875 825.50875 88.98 163.98
0 2906.50875 892.50875 205.98000000000002 242.98000000000002
0 2036.50875 518.50875 70.98 153.98
0 1245.50875 596.50875 117.98 174.98
0 476.50875 586.50875 130.98 188.98
0 0.50875 639.50875 44.980000000000004 103.98
0 45.50875 1117.50875 145.98 152.98
0 365.50875 1437.50875 295.98 274.98
0 1067.50875 1470.50875 181.98 191.98000000000002
0 1541.50875 953.50875 127.98 184.98
0 1922.50875 1437.50875 102.98 167.98
0 2431.50875 1355.50875 341.98 199.98000000000002
0 3468.50875 2456.50875 152.98 156.98
0 1761.50875 2339.50875 224.98000000000002 148.98
