0 141.508125 0.50875 169.98125000000002 179.98
0 0.50875 593.50875 44.980000000000004 127.98
0 41.50875 835.50875 184.98 220.98000000000002
0 37.50875 1534.50875 209.98000000000002 155.98
0 522.50875 69.50875 120.98 167.98
0 818.50875 490.50875 127.98 213.98000000000002
0 1769.50875 0.50875 141.98 147.98
0 2036.50875 536.50875 84.98 145.98
0 2203.50875 394.50875 99.98 163.98
0 3290.50875 0.50875 109.98 144.98
0 2684.50875 141.508125 145.98 269.98125
0 3293.50875 404.50875 96.98 174.98
0 2927.50875 907.50875 202.98000000000002 241.98000000000002
0 358.50875 1455.50875 291.98 295.98
0 1053.50875 1484.50875 198.98000000000002 184.98
0 1940.50875 1434.50875 95.98 166.98
0 2375.50875 1416.50875 205.98000000000002 270.98
0 3112.50875 1502.50875 227.98000000000002 230.98000000000002
0 2489.50875 2410.50875 230.98000000000002 291.98
0 949.50875 2260.50875 156.98 156.98
