0 112.508125 0.50875 188.98125000000002 200.98000000000002
0 1074.50875 102.50875 167.98 234.98000000000002
0 91.50875 668.50875 91.98 95.98
0 0.50875 871.50875 185.98 209.98000000000002
0 45.50875 1530.50875 216.98000000000002 159.98
0 700.50875 1494.50875 166.98 302.98
0 1139.50875 1680.50875 177.98 152.98
0 1516.50875 547.50875 70.98 156.98
0 529.50875 62.50875 95.98 160.98
0 2211.50875 390.50875 77.98 152.98
0 2777.50875 0.50875 202.98000000000002 165.98
0 3258.50875 0.508125 131.98 125.97875
0 2834.50875 173.508125 202.98000000000002 237.98125000000002
0 3229.50875 732.50875 138.98 266.98
0 2456.50875 992.5087500000001 60.980000000000004 131.98
0 1908.50875 1427.50875 113.98 163.98
0 2446.50875 1366.50875 351.98 192.98000000000002
0 3443.50875 2467.50875 181.98 138.98
0 1776.50875 2339.50875 220.98000000000002 152.98
0 629.50875 2371.50875 198.98000000000002 166.98
