0 1243.50875 166.508125 260.98 270.98125
0 1466.50875 336.50875 308.98 333.98
0 1833.50875 351.508125 422.98 470.98125
0 1757.50875 751.50875 166.98 204.98000000000002
0 888.50875 1111.50875 359.98 305.98
0 0.50875 1230.50875 279.98 285.98
0 0.50875 820.50875 211.98000000000002 219.98000000000002
0 386.50875 1848.50875 232.98000000000002 217.98000000000002
0 1238.50875 1620.50875 330.98 382.98
0 2089.50875 2013.50875 234.98000000000002 110.98
0 2813.50875 2056.50875 521.98 285.98
0 3419.50875 2079.50875 228.98000000000002 300.98
0 2788.50875 1040.50875 311.98 331.98
0 2258.50875 1230.50875 146.98 176.98
0 2340.50875 713.50875 290.98 255.98000000000002
0 2899.50875 437.50875 151.98 143.98
0 2636.50875 120.50875 171.98 255.98000000000002
0 2963.50875 0.508125 288.98 117.97875
0 934.50875 0.50875 275.98 129.98
0 584.50875 414.50875 229.98000000000002 209.98000000000002
0 308.50875 0.508125 161.98 94.97875
0 3211.50875 1514.50875 161.98 141.98
