0 1031.50875 1459.50875 174.98 188.98
0 2353.50875 1380.50875 184.98 295.98
0 3055.50875 1441.50875 234.98000000000002 245.98000000000002
0 472.50875 586.50875 134.98 202.98000000000002
0 1078.50875 141.508125 141.98 184.98125000000002
0 3194.50875 664.50875 123.98 309.98
0 2663.50875 130.508125 106.98 248.98125000000002
0 611.50875 2392.50875 213.98000000000002 145.98
0 1744.50875 2324.50875 227.98000000000002 160.98
0 9.508750000000001 846.50875 173.98 202.98000000000002
0 119.508125 9.508750000000001 160.98125000000002 213.98000000000002
0 1231.50875 618.50875 109.98 195.98000000000002
0 2816.50875 0.508125 124.98 97.97875
0 707.50875 1562.50875 149.98 216.98000000000002
0 1135.50875 1641.50875 173.98 120.98
0 3447.50875 2460.50875 123.98 131.98
0 3273.50875 0.508125 78.98 99.97875
0 2032.50875 544.50875 60.980000000000004 139.98
