0 2948.50875 896.50875 174.98 263.98
0 2848.50875 180.508125 206.98000000000002 252.98125000000002
0 2392.50875 1398.50875 188.98 305.98
0 3133.50875 1494.50875 231.98000000000002 252.98000000000002
0 946.50875 2271.50875 159.98 177.98
0 354.50875 1455.50875 256.98 288.98
0 1145.50875 1665.50875 163.98 110.98
0 1573.50875 974.50875 113.98 177.98
0 479.50875 590.50875 135.98 195.98000000000002
0 1074.50875 112.508125 174.98 217.98125000000002
0 0.50875 30.50875 133.98 281.98
0 59.50875 1551.50875 191.98000000000002 167.98
0 3504.50875 41.50875 143.98 156.98
0 2813.50875 0.508125 166.98 125.97875
0 1747.50875 0.50875 149.98 171.98
0 66.50875 629.50875 95.98 148.98
0 3457.50875 2471.50875 181.98 105.98
0 3048.50875 0.508125 72.98 90.97875
0 0.50875 648.50875 43.980000000000004 105.98
