0 30.50875 864.50875 170.98 223.98000000000002
0 818.50875 565.50875 113.98 163.98
0 1028.50875 1459.50875 180.98 220.98000000000002
0 704.50875 1598.50875 134.98 191.98000000000002
0 45.50875 1551.50875 202.98000000000002 170.98
0 917.50875 2257.50875 163.98 184.98
0 2485.50875 2403.50875 223.98000000000002 238.98000000000002
0 3115.50875 1484.50875 224.98000000000002 252.98000000000002
0 2353.50875 1405.50875 216.98000000000002 292.98
0 1067.50875 102.50875 163.98 219.98000000000002
0 144.508125 77.50875 135.98125 159.98
0 2431.50875 34.50875 60.980000000000004 191.98000000000002
0 3269.50875 0.50875 102.98 140.98
0 2823.50875 176.508125 202.98000000000002 249.98125000000002
0 2952.50875 900.50875 166.98 241.98000000000002
0 2218.50875 444.50875 73.98 141.98
0 509.50875 64.50875 106.98 145.98
0 2029.50875 547.50875 75.98 151.98
