0 123.508125 0.508125 213.98125000000002 111.97875
0 358.50875 69.50875 231.98000000000002 260.98
0 860.50875 30.50875 181.98 245.98000000000002
0 1352.50875 30.50875 238.98000000000002 295.98
0 1722.50875 251.50875 195.98000000000002 163.98
0 2478.50875 98.50875 269.98 255.98000000000002
0 2898.50875 77.50875 152.98 269.98
0 127.50875 493.50875 312.98 235.98000000000002
0 629.50875 358.50875 234.98000000000002 248.98000000000002
0 957.50875 476.50875 238.98000000000002 305.98
0 1829.50875 468.50875 78.98 192.98000000000002
0 2172.50875 543.50875 248.98000000000002 252.98000000000002
0 2674.50875 426.50875 259.98 294.98
0 3308.50875 511.50875 167.98 209.98000000000002
0 227.508125 839.50875 205.98125000000002 209.98000000000002
0 201.508125 1142.50875 156.98125000000002 156.98
0 551.50875 925.50875 270.98 234.98000000000002
0 1252.50875 1021.5087500000001 220.98000000000002 216.98000000000002
0 1548.50875 939.50875 216.98000000000002 191.98000000000002
0 2485.50875 964.50875 241.98000000000002 212.98000000000002
0 2631.50875 1131.50875 149.98 202.98000000000002
0 3383.50875 910.50875 239.98000000000002 224.98000000000002
0 205.508125 1580.50875 241.98125000000002 198.98000000000002
0 857.50875 1391.50875 380.98 256.98
0 1762.50875 1377.50875 109.98 206.98000000000002
0 2232.50875 1747.50875 330.98 227.98000000000002
0 2702.50875 1712.50875 316.98 248.98000000000002
0 551.50875 2146.50875 337.98 299.98
0 1202.50875 2146.50875 288.98 445.98
0 1755.50875 2435.50875 202.98000000000002 131.98
0 1965.50875 2374.50875 309.98 281.98
0 2617.50875 2571.50875 209.98000000000002 152.98
0 3269.50875 2310.50875 378.98 366.98
