0 2435.50875 1366.50875 334.98 195.98000000000002
0 2360.50875 1409.50875 199.98000000000002 270.98
0 1014.5087500000001 1466.50875 187.98 202.98000000000002
0 932.50875 2257.50875 159.98 170.98
0 1755.50875 2342.50875 223.98000000000002 170.98
0 3425.50875 2467.50875 188.98 109.98
0 1569.50875 953.50875 88.98 206.98000000000002
0 2631.50875 134.50875 131.98 316.98
0 3176.50875 679.50875 127.98 280.98
0 351.50875 1462.50875 284.98 281.98
0 23.50875 889.50875 170.98 234.98000000000002
0 835.50875 501.50875 96.98 198.98000000000002
0 94.508125 0.50875 174.98125000000002 247.98000000000002
0 1733.50875 0.50875 131.98 133.98
0 1242.50875 618.50875 113.98 199.98000000000002
0 3504.50875 13.508750000000001 143.98 187.98
0 2786.50875 0.508125 133.98 115.97875
0 1506.50875 529.50875 69.98 181.98
