0 1493.50875 903.50875 134.98 220.98000000000002
0 802.50875 452.50875 138.98 275.98
0 6.50875 868.50875 194.98000000000002 234.98000000000002
0 442.50875 24.50875 169.98 156.98
0 331.50875 1448.50875 305.98 298.98
0 961.50875 1392.50875 230.98000000000002 257.98
0 657.50875 1577.50875 167.98 283.98
0 898.50875 2231.50875 166.98 186.98
0 2459.50875 2370.50875 211.98000000000002 263.98
0 3087.50875 1481.50875 247.98000000000002 267.98
0 2509.50875 1392.50875 255.98000000000002 194.98000000000002
0 2904.50875 842.50875 230.98000000000002 288.98
0 2813.50875 145.508125 222.98000000000002 268.98125
0 2167.50875 303.50875 134.98 227.98000000000002
0 1189.50875 569.50875 167.98 229.98000000000002
0 1732.50875 0.50875 135.98 127.98
0 3485.50875 4.50875 162.98 207.98000000000002
0 2375.50875 888.50875 77.98 189.98
0 0.50875 569.50875 142.98 174.98
0 178.508125 2292.50875 139.98125000000002 121.98
0 1959.50875 234.50875 63.980000000000004 57.980000000000004
0 3042.50875 0.50875 53.980000000000004 78.9775
