0 1493.50875 906.50875 124.98 214.98000000000002
0 964.50875 1379.50875 224.98000000000002 255.98000000000002
0 655.50875 1582.50875 171.98 275.98
0 584.50875 2322.50875 212.98000000000002 186.98
0 9.508750000000001 1463.50875 224.98000000000002 199.98000000000002
0 0.50875 559.50875 147.98 168.98
0 804.50875 452.50875 131.98 270.98
0 1450.50875 467.50875 108.98 220.98000000000002
0 2025.50875 427.50875 108.98 191.98000000000002
0 2669.50875 141.508125 169.98 282.98125
0 2945.50875 812.50875 209.98000000000002 305.98
0 2291.50875 1382.50875 258.98 305.98
0 3097.50875 1463.50875 237.98000000000002 268.98
0 2443.50875 2383.50875 238.98000000000002 312.98
0 3254.50875 708.50875 151.98 275.98
0 3254.50875 293.50875 105.98 201.98000000000002
0 3264.50875 0.50875 159.98 152.98
0 1734.50875 0.508125 138.98 102.97875
0 90.50875 0.50875 181.98 249.98000000000002
0 2795.50875 0.50875 75.98 60.980000000000004
0 2315.50875 1100.50875 48.980000000000004 124.98
0 138.508125 2237.50875 173.98125000000002 173.98
0 1500.50875 43.50875 54.980000000000004 178.98
0 1248.50875 2628.50875 90.98 45.980000000000004
