0 1511.50875 918.50875 116.98 184.98
0 657.50875 1582.50875 162.98 288.98
0 4.50875 1455.50875 227.98000000000002 210.98000000000002
0 0.50875 559.50875 152.98 173.98
0 787.50875 455.50875 140.98 262.98
0 1443.50875 450.50875 115.98 222.98000000000002
0 452.50875 24.50875 151.98 146.98
0 0.508125 24.50875 104.97875 199.98000000000002
0 586.50875 2332.50875 200.98000000000002 181.98
0 1729.50875 2251.50875 273.98 196.98000000000002
0 3419.50875 2426.50875 228.98000000000002 179.98
0 2448.50875 1397.50875 339.98 182.98
0 2930.50875 822.50875 232.98000000000002 285.98
0 3497.50875 675.50875 113.98 227.98000000000002
0 2664.50875 133.50875 148.98 306.98
0 2013.50875 467.50875 105.98 134.98
0 3499.50875 7.50875 148.98 196.98000000000002
0 2393.50875 0.50875 156.98 180.98
0 1884.50875 1412.50875 163.98 172.98
0 138.508125 2253.50875 170.98125000000002 160.98
0 1497.50875 30.50875 60.980000000000004 185.98
