0 0.508125 24.50875 112.97875 222.98000000000002
0 432.50875 0.50875 181.98 167.98
0 2387.50875 0.50875 154.98 180.98
0 2018.50875 394.50875 115.98 209.98000000000002
0 1217.50875 505.50875 128.98 200.98000000000002
0 465.50875 556.50875 141.98 202.98000000000002
0 22.50875 865.50875 176.98 209.98000000000002
0 348.50875 1463.50875 273.98 285.98
0 944.50875 1357.50875 242.98000000000002 260.98
0 584.50875 2296.50875 197.98000000000002 187.98
0 1719.50875 2238.50875 270.98 199.98000000000002
0 3416.50875 2372.50875 231.98000000000002 200.98000000000002
0 2443.50875 1369.50875 336.98 192.98000000000002
0 1873.50875 1379.50875 172.98 174.98
0 2910.50875 792.50875 234.98000000000002 282.98
0 3492.50875 655.50875 98.98 229.98000000000002
0 2661.50875 123.50875 156.98 313.98
0 3261.50875 0.50875 167.98 127.98
0 2403.50875 827.50875 75.98 199.98000000000002
0 4.50875 1101.50875 131.98 148.98
0 1418.50875 1055.50875 66.98 69.98
0 1479.50875 9.508750000000001 81.98 197.98000000000002
0 1199.50875 2611.50875 170.98 57.980000000000004
