0 1526.50875 923.50875 118.98 179.98
0 956.50875 1326.50875 258.98 263.98
0 351.50875 1471.50875 275.98 275.98
0 0.50875 1417.50875 221.98000000000002 210.98000000000002
0 566.50875 2304.50875 204.98000000000002 209.98000000000002
0 1696.50875 2210.50875 306.98 199.98000000000002
0 3480.50875 2322.50875 167.98 227.98000000000002
0 2286.50875 1369.50875 270.98 308.98
0 2935.50875 794.50875 255.98000000000002 311.98
0 3439.50875 653.50875 108.98 224.98000000000002
0 2828.50875 125.50875 189.98 288.98
0 2023.50875 331.50875 143.98 224.98000000000002
0 1222.50875 404.50875 164.98 280.98
0 472.50875 561.50875 146.98 204.98000000000002
0 989.5087500000001 1.50875 227.98000000000002 240.98000000000002
0 110.508125 0.50875 166.98125000000002 238.98000000000002
0 0.508125 556.50875 96.97875 138.98
0 9.508750000000001 1080.50875 126.98 149.98
0 3487.50875 6.50875 160.98 189.98
0 3135.50875 1445.50875 245.98000000000002 278.98
0 1815.50875 462.50875 93.98 167.98
0 2393.50875 0.50875 161.98 147.98
0 1734.50875 0.508125 151.98 94.97875
0 3279.50875 0.508125 166.98 90.97875
0 1175.50875 2605.50875 197.98000000000002 75.98
0 1260.50875 1128.50875 66.98 84.98
