0 936.50875 1334.50875 265.98 255.98000000000002
0 1853.50875 1331.50875 182.98 192.98000000000002
0 2469.50875 1387.50875 338.98 207.98000000000002
0 1701.50875 2215.50875 290.98 202.98000000000002
0 3474.50875 2350.50875 173.98 222.98000000000002
0 548.50875 2342.50875 253.98000000000002 197.98000000000002
0 351.50875 1481.50875 260.98 272.98
0 0.50875 1445.50875 211.98000000000002 184.98
0 24.50875 865.50875 192.98000000000002 227.98000000000002
0 0.508125 556.50875 99.97875 126.98
0 797.50875 467.50875 133.98 248.98000000000002
0 1405.50875 364.50875 128.98 239.98000000000002
0 2041.50875 338.50875 120.98 202.98000000000002
0 2438.50875 744.50875 118.98 227.98000000000002
0 2917.50875 794.50875 265.98 311.98
0 3454.50875 637.50875 103.98 245.98000000000002
0 2692.50875 123.50875 176.98 295.98
0 1435.50875 0.50875 126.98 178.98
0 361.50875 0.508125 202.98000000000002 117.97875
0 0.508125 14.508750000000001 84.97875 179.98
0 3315.50875 194.508125 123.98 234.98125000000002
0 1536.50875 921.50875 113.98 184.98
0 928.50875 442.50875 116.98 212.98000000000002
0 1184.50875 2605.50875 181.98 78.98
0 1254.50875 1088.50875 84.98 112.98
