0 1863.50875 1334.50875 164.98 199.98000000000002
0 2471.50875 1405.50875 326.98 189.98
0 926.50875 1326.50875 270.98 268.98
0 348.50875 1478.50875 268.98 273.98
0 0.50875 1455.50875 193.98000000000002 184.98
0 548.50875 2352.50875 235.98000000000002 204.98000000000002
0 465.50875 556.50875 151.98 209.98000000000002
0 1205.50875 419.50875 169.98 258.98
0 110.50875 564.50875 126.98 143.98
0 100.508125 27.50875 169.98125000000002 219.98000000000002
0 2172.50875 239.508125 194.98000000000002 278.98125
0 1797.50875 445.50875 108.98 158.98
0 2436.50875 741.50875 120.98 242.98000000000002
0 3236.50875 716.50875 134.98 265.98
0 2689.50875 130.50875 146.98 291.98
0 2395.50875 0.50875 131.98 155.98
0 3312.50875 176.508125 118.98 247.98125000000002
0 3485.50875 2357.50875 162.98 235.98000000000002
0 37.50875 863.50875 174.98 247.98000000000002
0 1539.50875 923.50875 116.98 182.98
0 961.50875 1.50875 242.98000000000002 237.98000000000002
0 1711.50875 0.508125 156.98 91.97875
0 353.50875 0.508125 207.98000000000002 119.97875
0 1415.50875 2392.50875 99.98 75.98
0 1242.50875 1070.50875 96.98 115.98
0 3294.50875 0.50875 114.98 81.9775
