0 1863.50875 1311.50875 164.98 214.98000000000002
0 1042.50875 1557.50875 230.98000000000002 201.98000000000002
0 581.50875 1488.50875 184.98 298.98
0 0.50875 2134.50875 218.98000000000002 237.98000000000002
0 820.50875 2271.50875 204.98000000000002 166.98
0 2423.50875 2340.50875 217.98000000000002 308.98
0 3130.50875 1448.50875 237.98000000000002 262.98
0 2271.50875 1374.50875 278.98 306.98
0 2296.50875 1063.50875 131.98 130.98
0 1384.50875 906.50875 111.98 158.98
0 3229.50875 706.50875 146.98 257.98
0 2806.50875 136.508125 219.98000000000002 267.98125
0 2157.50875 227.508125 194.98000000000002 265.98125
0 1790.50875 434.50875 110.98 157.98
0 1210.50875 419.50875 153.98 245.98000000000002
0 792.50875 457.50875 133.98 242.98000000000002
0 98.508125 548.50875 135.98125 157.98
0 0.50875 19.50875 81.9775 181.98
0 961.50875 0.50875 235.98000000000002 178.98
0 1706.50875 0.508125 156.98 89.97875
0 2385.50875 0.50875 131.98 145.98
0 3284.50875 176.508125 129.98 222.98125000000002
0 6.50875 1078.50875 116.98 148.98
0 0.50875 550.50875 80.9775 115.98
0 1412.50875 2389.50875 127.98 82.98
