0 1192.50875 906.50875 108.98 186.98
0 1547.50875 906.50875 135.98 191.98000000000002
0 916.50875 1306.50875 293.98 270.98
0 325.50875 1465.50875 288.98 291.98
0 0.50875 1450.50875 221.98000000000002 205.98000000000002
0 42.50875 858.50875 176.98 244.98000000000002
0 0.50875 521.50875 81.9775 146.98
0 779.50875 462.50875 148.98 263.98
0 1217.50875 351.50875 166.98 265.98
0 1757.50875 346.50875 146.98 189.98
0 2144.50875 153.50875 187.98 311.98
0 546.50875 2324.50875 305.98 220.98000000000002
0 946.50875 0.50875 258.98 256.98
0 0.508125 14.508750000000001 97.97875 186.98
0 1714.50875 0.508125 156.98 89.97875
0 2403.50875 0.50875 133.98 135.98
0 2264.50875 994.5087500000001 145.98 189.98
0 2469.50875 1344.50875 338.98 245.98000000000002
0 3221.50875 690.50875 156.98 283.98
0 3500.50875 533.50875 120.98 268.98
0 2811.50875 85.50875 222.98000000000002 310.98
0 3485.50875 0.50875 162.98 200.98000000000002
0 1377.50875 2342.50875 204.98000000000002 179.98
0 2428.50875 2312.50875 232.98000000000002 285.98
0 1174.50875 2590.50875 204.98000000000002 116.98
0 1764.50875 1681.50875 122.98 108.98
