0 1876.50875 1324.50875 179.98 229.98000000000002
0 1063.50875 1569.50875 209.98000000000002 197.98000000000002
0 574.50875 1481.50875 186.98 290.98
0 0.50875 2127.50875 211.98000000000002 191.98000000000002
0 804.50875 2271.50875 205.98000000000002 184.98
0 44.50875 847.50875 174.98 250.98000000000002
0 452.50875 551.50875 169.98 217.98000000000002
0 766.50875 457.50875 156.98 258.98
0 1194.50875 389.50875 169.98 262.98
0 1534.50875 908.50875 138.98 194.98000000000002
0 1182.50875 936.50875 103.98 166.98
0 1362.50875 2347.50875 224.98000000000002 164.98
0 3125.50875 1425.50875 262.98 273.98
0 1759.50875 346.50875 151.98 204.98000000000002
0 2170.50875 181.508125 179.98 298.98125
0 2841.50875 105.50875 194.98000000000002 288.98
0 2261.50875 1007.5087500000001 154.98 166.98
0 2481.50875 1354.50875 314.98 240.98000000000002
0 3226.50875 700.50875 141.98 278.98
0 3317.50875 95.50875 124.98 278.98
0 3594.50875 199.508125 53.980000000000004 189.98125000000002
0 1922.50875 0.50875 176.98 226.98000000000002
0 1395.50875 0.508125 115.98 107.97875
0 87.50875 0.50875 189.98 246.98000000000002
0 3500.50875 2302.50875 147.98 254.98000000000002
