0 1884.50875 1281.50875 176.98 216.98000000000002
0 1050.50875 1564.50875 212.98000000000002 194.98000000000002
0 331.50875 1458.50875 262.98 288.98
0 531.50875 2340.50875 262.98 209.98000000000002
0 1686.50875 2218.50875 293.98 207.98000000000002
0 2436.50875 2347.50875 207.98000000000002 275.98
0 0.50875 1460.50875 183.98 189.98
0 37.50875 855.50875 163.98 237.98000000000002
0 782.50875 465.50875 140.98 265.98
0 1161.50875 381.50875 176.98 250.98000000000002
0 0.50875 518.50875 79.9775 136.98
0 0.508125 6.50875 104.97875 182.98
0 1349.50875 308.50875 141.98 229.98000000000002
0 2008.50875 295.50875 125.98 214.98000000000002
0 2687.50875 115.50875 181.98 339.98
0 3315.50875 100.50875 123.98 260.98
0 3216.50875 706.50875 154.98 275.98
0 2423.50875 627.50875 133.98 260.98
0 2289.50875 1359.50875 283.98 301.98
0 3127.50875 1430.50875 260.98 265.98
0 1177.50875 931.50875 110.98 169.98
0 1531.50875 911.50875 129.98 181.98
0 1714.50875 0.508125 161.98 86.97875
0 2398.50875 0.50875 128.98 142.98
0 3550.50875 166.508125 97.98 232.98125000000002
0 1190.50875 2596.50875 172.98 93.98
