0 1916.50875 1248.50875 157.98 229.98000000000002
0 1070.50875 1519.50875 207.98000000000002 244.98000000000002
0 597.50875 1481.50875 178.98 280.98
0 0.50875 2119.50875 155.98 212.98000000000002
0 799.50875 2276.50875 189.98 179.98
0 1729.50875 2226.50875 293.98 209.98000000000002
0 1197.50875 2600.50875 174.98 101.98
0 1770.50875 1683.50875 107.98 108.98
0 2512.50875 1341.50875 298.98 222.98000000000002
0 1207.50875 908.50875 85.98 151.98
0 1549.50875 901.50875 121.98 189.98
0 799.50875 460.50875 128.98 257.98
0 65.50875 852.50875 168.98 222.98000000000002
0 2963.50875 771.50875 252.98000000000002 301.98
0 2464.50875 566.50875 133.98 268.98
0 1780.50875 305.50875 138.98 199.98000000000002
0 2175.50875 118.50875 186.98 298.98
0 2844.50875 75.50875 191.98000000000002 293.98
0 3510.50875 1.50875 137.98 167.98
0 1922.50875 0.50875 156.98 210.98000000000002
0 967.50875 0.50875 245.98000000000002 251.98000000000002
0 1387.50875 277.508125 136.98 248.98125000000002
0 0.508125 490.50875 112.97875 154.98
0 0.50875 16.50875 79.9775 222.98000000000002
0 2393.50875 0.50875 123.98 127.98
