0 1889.50875 1303.50875 151.98 197.98000000000002
0 2494.50875 1349.50875 290.98 227.98000000000002
0 1688.50875 2243.50875 286.98 194.98000000000002
0 526.50875 2334.50875 244.98000000000002 200.98000000000002
0 0.50875 1458.50875 183.98 194.98000000000002
0 574.50875 1445.50875 186.98 291.98
0 1065.50875 1567.50875 207.98000000000002 164.98
0 1542.50875 898.50875 120.98 187.98
0 1177.50875 873.50875 108.98 194.98000000000002
0 39.50875 842.50875 174.98 248.98000000000002
0 67.50875 457.50875 151.98 199.98000000000002
0 789.50875 467.50875 131.98 255.98000000000002
0 1172.50875 366.50875 158.98 255.98000000000002
0 1762.50875 313.50875 148.98 192.98000000000002
0 2150.50875 166.508125 186.98 298.98125
0 2821.50875 95.50875 204.98000000000002 280.98
0 3221.50875 678.50875 146.98 275.98
0 2426.50875 624.50875 118.98 245.98000000000002
0 3312.50875 75.50875 123.98 277.98
0 3495.50875 11.508750000000001 152.98 162.98
0 1916.50875 0.50875 164.98 221.98000000000002
0 1415.50875 0.508125 103.98 122.97875
0 95.508125 0.50875 171.98125000000002 246.98000000000002
0 3500.50875 2274.50875 147.98 249.98000000000002
0 1182.50875 2585.50875 201.98000000000002 98.98
