0 1884.50875 1321.50875 145.98 202.98000000000002
0 2489.50875 1371.50875 298.98 218.98000000000002
0 1691.50875 2238.50875 280.98 204.98000000000002
0 776.50875 2274.50875 215.98000000000002 163.98
0 0.50875 2096.50875 150.98 230.98000000000002
0 333.50875 1478.50875 258.98 202.98000000000002
0 890.50875 1352.50875 276.98 239.98000000000002
0 1544.50875 911.50875 126.98 194.98000000000002
0 1177.50875 896.50875 98.98 153.98
0 24.50875 863.50875 184.98 229.98000000000002
0 457.50875 564.50875 159.98 219.98000000000002
0 103.508125 4.50875 163.98125000000002 242.98000000000002
0 931.50875 0.50875 255.98000000000002 190.98
0 875.50875 331.50875 116.98 201.98000000000002
0 1352.50875 300.50875 143.98 237.98000000000002
0 2008.50875 265.508125 115.98 234.98125000000002
0 2899.50875 799.50875 255.98000000000002 316.98
0 2395.50875 619.50875 123.98 245.98000000000002
0 2823.50875 100.50875 212.98000000000002 290.98
0 3457.50875 523.50875 110.98 252.98000000000002
0 3497.50875 2314.50875 150.98 253.98000000000002
0 1182.50875 2606.50875 189.98 92.98
0 3563.50875 174.508125 84.98 214.98125000000002
0 1916.50875 0.50875 167.98 226.98000000000002
0 1390.50875 0.50875 133.98 127.98
