0 928.50875 1301.50875 273.98 285.98
0 1899.50875 1255.50875 151.98 207.98000000000002
0 1324.50875 2299.50875 260.98 199.98000000000002
0 792.50875 2248.50875 201.98000000000002 182.98
0 0.50875 2109.50875 211.98000000000002 194.98000000000002
0 341.50875 1473.50875 262.98 270.98
0 0.50875 1083.50875 167.98 189.98
0 105.508125 341.50875 182.98125000000002 260.98
0 465.50875 551.50875 148.98 222.98000000000002
0 954.50875 209.508125 90.98 232.98125000000002
0 1379.50875 257.508125 146.98 260.98125
0 2018.50875 204.508125 143.98 257.98125
0 115.508125 24.50875 174.98125000000002 235.98000000000002
0 931.50875 0.50875 255.98000000000002 233.98000000000002
0 771.50875 1068.50875 154.98 103.98
0 1556.50875 903.50875 119.98 194.98000000000002
0 1924.50875 0.50875 159.98 167.98
0 2456.50875 1319.50875 326.98 239.98000000000002
0 2907.50875 751.50875 245.98000000000002 280.98
0 3556.50875 533.50875 91.98 215.98000000000002
0 3568.50875 171.508125 79.98 197.98125000000002
0 2692.50875 105.50875 135.98 341.98
0 2390.50875 0.508125 121.98 114.97875
0 782.50875 171.508125 54.980000000000004 123.98125
0 2395.50875 521.50875 134.98 287.98
0 1197.50875 2568.50875 174.98 113.98
