0 1901.50875 1263.50875 159.98 209.98000000000002
0 1073.50875 1526.50875 217.98000000000002 179.98
0 592.50875 1319.50875 173.98 277.98
0 0.50875 1417.50875 190.98 232.98000000000002
0 528.50875 2324.50875 336.98 182.98
0 1316.50875 2269.50875 257.98 194.98000000000002
0 2464.50875 2342.50875 201.98000000000002 252.98000000000002
0 3145.50875 1405.50875 242.98000000000002 252.98000000000002
0 2309.50875 1341.50875 225.98000000000002 243.98000000000002
0 2464.50875 538.50875 128.98 283.98
0 3198.50875 686.50875 144.98 292.98
0 2826.50875 105.50875 204.98000000000002 290.98
0 1463.50875 703.50875 192.98000000000002 237.98000000000002
0 792.50875 1040.50875 133.98 126.98
0 62.50875 847.50875 169.98 238.98000000000002
0 802.50875 455.50875 123.98 260.98
0 1407.50875 227.508125 136.98 262.98125
0 2066.50875 236.508125 141.98 246.98125000000002
0 968.50875 0.50875 248.98000000000002 228.98000000000002
0 39.50875 293.50875 166.98 255.98000000000002
0 0.508125 0.50875 86.97875 211.98000000000002
0 3558.50875 181.508125 89.98 209.98125000000002
0 2416.50875 0.508125 105.98 112.97875
0 774.50875 113.508125 90.98 161.98125000000002
0 1729.50875 0.508125 154.98 91.97875
0 1757.50875 797.50875 57.980000000000004 82.98
