0 1894.50875 1212.50875 163.98 245.98000000000002
0 2474.50875 1329.50875 321.98 237.98000000000002
0 1053.50875 1569.50875 229.98000000000002 174.98
0 566.50875 1415.50875 187.98 272.98
0 0.50875 1468.50875 190.98 194.98000000000002
0 529.50875 2352.50875 236.98000000000002 187.98
0 1321.50875 2289.50875 263.98 202.98000000000002
0 2454.50875 2312.50875 201.98000000000002 265.98
0 2271.50875 893.50875 176.98 197.98000000000002
0 3203.50875 672.50875 162.98 276.98
0 2419.50875 490.50875 138.98 294.98
0 2040.50875 227.508125 134.98 270.98125
0 1379.50875 262.508125 136.98 263.98125
0 792.50875 470.50875 125.98 262.98
0 42.50875 885.50875 184.98 230.98000000000002
0 108.508125 308.50875 184.98125000000002 283.98
0 928.50875 0.50875 253.98000000000002 243.98000000000002
0 1405.50875 782.50875 123.98 221.98000000000002
0 764.50875 1075.50875 163.98 108.98
0 2712.50875 130.50875 141.98 319.98
0 3320.50875 47.50875 131.98 227.98000000000002
0 3447.50875 0.50875 200.98000000000002 180.98
0 1937.50875 0.50875 153.98 170.98
0 95.508125 0.50875 179.98125000000002 261.98
0 0.50875 556.50875 76.9775 113.98
