0 1878.50875 1313.50875 151.98 202.98000000000002
0 906.50875 1329.50875 280.98 277.98
0 326.50875 1471.50875 260.98 279.98
0 37.50875 870.50875 179.98 237.98000000000002
0 777.50875 472.50875 138.98 276.98
0 736.50875 1045.50875 176.98 143.98
0 1549.50875 918.50875 111.98 187.98
0 2279.50875 1367.50875 252.98000000000002 282.98
0 3130.50875 1425.50875 250.98000000000002 260.98
0 2428.50875 2375.50875 204.98000000000002 235.98000000000002
0 744.50875 2278.50875 209.98000000000002 185.98
0 1200.50875 2575.50875 178.98 108.98
0 3459.50875 2243.50875 188.98 248.98000000000002
0 1754.50875 794.50875 65.98 103.98
0 2150.50875 184.508125 158.98 298.98125
0 1732.50875 267.50875 151.98 202.98000000000002
0 1154.50875 313.50875 166.98 265.98
0 759.50875 138.508125 72.98 159.98125000000002
0 82.50875 0.50875 179.98 251.98000000000002
0 911.50875 0.50875 260.98 218.98000000000002
0 1886.50875 0.50875 171.98 170.98
0 2682.50875 146.50875 143.98 318.98
0 3264.50875 98.50875 111.98 237.98000000000002
0 3191.50875 711.50875 146.98 254.98000000000002
0 3439.50875 0.50875 208.98000000000002 211.98000000000002
0 0.50875 611.50875 55.980000000000004 78.98
