0 2296.50875 1369.50875 250.98000000000002 283.98
0 1752.50875 1643.50875 146.98 156.98
0 1058.50875 1577.50875 224.98000000000002 171.98
0 554.50875 1438.50875 178.98 262.98
0 0.50875 1466.50875 170.98 191.98000000000002
0 455.50875 561.50875 151.98 204.98000000000002
0 928.50875 855.50875 217.98000000000002 197.98000000000002
0 1316.50875 794.50875 197.98000000000002 217.98000000000002
0 2210.50875 949.50875 139.98 179.98
0 3201.50875 703.50875 138.98 268.98
0 2312.50875 500.50875 123.98 286.98
0 1283.50875 328.50875 161.98 230.98000000000002
0 1977.50875 267.508125 126.98 248.98125000000002
0 2687.50875 138.50875 158.98 316.98
0 3259.50875 90.50875 116.98 235.98000000000002
0 3573.50875 196.508125 74.98 195.98125000000002
0 1906.50875 0.50875 121.98 155.98
0 890.50875 0.50875 271.98 261.98
0 0.50875 244.508125 200.98000000000002 306.98125
0 0.50875 14.508750000000001 81.9775 212.98000000000002
0 728.50875 2289.50875 205.98000000000002 184.98
0 1671.50875 2246.50875 280.98 201.98000000000002
0 3431.50875 2243.50875 216.98000000000002 258.98
0 1200.50875 2593.50875 168.98 93.98
0 0.50875 2175.50875 160.98 146.98
