0 3259.50875 0.50875 181.98 217.98000000000002
0 2305.50875 0.50875 314.98 210.98000000000002
0 1678.50875 6.50875 265.98 158.98
0 1051.50875 93.50875 295.98 353.98
0 1522.50875 458.50875 102.98 261.98
0 557.50875 618.50875 204.98000000000002 211.98000000000002
0 914.50875 690.50875 223.98000000000002 238.98000000000002
0 173.508125 203.508125 147.98125000000002 212.98125000000002
0 0.50875 846.50875 134.98 177.98
0 492.50875 1537.50875 269.98 280.98
0 864.50875 1305.50875 323.98 326.98
0 2016.50875 1370.50875 223.98000000000002 235.98000000000002
0 2358.50875 1161.50875 383.98 360.98
0 2396.50875 2172.50875 219.98000000000002 246.98000000000002
0 2757.50875 496.50875 360.98 311.98
0 3369.50875 492.50875 185.98 246.98000000000002
0 2966.50875 1306.50875 223.98000000000002 272.98
0 3555.50875 1431.50875 92.98 246.98000000000002
0 1625.50875 2347.50875 192.98000000000002 295.98
0 3042.50875 2225.50875 360.98 510.98
