0 89.50875 690.50875 204.98000000000002 227.98000000000002
0 511.50875 591.50875 227.98000000000002 265.98
0 750.50875 697.50875 201.98000000000002 201.98000000000002
0 306.50875 32.50875 234.98000000000002 296.98
0 108.508125 1552.50875 204.98125000000002 193.98000000000002
0 671.50875 1446.50875 257.98 223.98000000000002
0 1267.50875 1583.50875 319.98 417.98
0 1488.50875 462.50875 116.98 265.98
0 1248.50875 63.50875 151.98 265.98
0 1644.50875 0.50875 295.98 145.98
0 2297.50875 0.50875 402.98 195.98000000000002
0 2753.50875 89.50875 109.98 258.98
0 2388.50875 644.50875 235.98000000000002 497.98
0 1704.50875 873.50875 185.98 295.98
0 2289.50875 1590.50875 216.98000000000002 201.98000000000002
0 2905.50875 1286.50875 239.98000000000002 284.98
0 3517.50875 1370.50875 130.98 273.98
0 3483.50875 412.50875 164.98 315.98
0 3175.50875 0.50875 276.98 180.98
0 3457.50875 2422.50875 190.98 224.98000000000002
0 2259.50875 2274.50875 375.98 461.98
0 1567.50875 2312.50875 224.98000000000002 353.98
0 986.5087500000001 2483.50875 102.98 159.98
