0 142.508125 173.508125 155.98125000000002 223.98125000000002
0 0.508125 887.50875 122.97875 129.98
0 351.50875 1465.50875 326.98 356.98
0 773.50875 1336.50875 334.98 314.98
0 492.50875 587.50875 231.98000000000002 269.98
0 902.50875 675.50875 216.98000000000002 238.98000000000002
0 1408.50875 435.50875 162.98 280.98
0 443.50875 74.50875 265.98 337.98
0 1066.50875 264.50875 90.98 163.98
0 1640.50875 0.50875 272.98 130.98
0 2046.50875 0.50875 189.98 278.98
0 2252.50875 845.50875 238.98000000000002 235.98000000000002
0 2377.50875 602.50875 261.98 493.98
0 2745.50875 74.50875 87.98 239.98000000000002
0 3030.50875 272.508125 144.98 280.98125
0 3445.50875 405.50875 202.98000000000002 367.98
0 2894.50875 1298.50875 261.98 269.98
0 3494.50875 1336.50875 153.98 299.98
0 1868.50875 1366.50875 360.98 330.98
0 2962.50875 2176.50875 406.98 493.98
0 2138.50875 2263.50875 341.98 357.98
0 1514.50875 2290.50875 262.98 341.98
0 967.50875 2480.50875 128.98 204.98000000000002
