0 550.50875 0.50875 181.98 79.9775
0 650.50875 279.50875 131.98 131.98
0 911.50875 561.50875 123.98 131.98
0 1395.50875 152.508125 184.98 191.98125000000002
0 1794.50875 358.50875 70.98 134.98
0 2599.50875 700.50875 170.98 138.98
0 2745.50875 985.5087500000001 92.98 188.98
0 2143.50875 664.50875 70.98 128.98
0 1551.50875 1007.5087500000001 160.98 216.98000000000002
0 1473.50875 1045.50875 74.98 213.98000000000002
0 651.50875 981.50875 244.98000000000002 206.98000000000002
0 0.508125 2371.50875 97.97875 70.98
0 2310.50875 1883.50875 220.98000000000002 113.98
0 2684.50875 1755.50875 167.98 177.98
0 1320.50875 2268.50875 113.98 123.98
0 2097.50875 2435.50875 113.98 131.98
0 3269.50875 2481.50875 180.98 177.98
0 2938.50875 255.50875 112.98 130.98
0 266.50875 283.50875 75.98 114.98
0 1236.50875 140.508125 111.98 178.98125000000002
