0 543.50875 0.50875 177.98 65.9775
0 419.50875 187.508125 180.98 142.98125000000002
0 1206.50875 176.508125 141.98 167.98125000000002
0 287.50875 525.50875 169.98 213.98000000000002
0 964.50875 678.50875 145.98 99.98
0 1790.50875 315.50875 102.98 185.98
0 2221.50875 590.50875 145.98 205.98000000000002
0 2591.50875 643.50875 213.98000000000002 181.98
0 408.50875 992.5087500000001 127.98 124.98
0 493.50875 1145.50875 156.98 170.98
0 1017.5087500000001 1231.50875 131.98 127.98
0 1459.50875 1053.50875 99.98 202.98000000000002
0 1990.50875 1078.50875 116.98 134.98
0 2948.50875 1021.5087500000001 220.98000000000002 223.98000000000002
0 2100.50875 1505.50875 149.98 306.98
0 2563.50875 1851.50875 106.98 141.98
0 0.508125 2371.50875 89.97875 74.98
0 782.50875 2296.50875 124.98 106.98
0 1808.50875 2481.50875 99.98 110.98
0 2488.50875 2443.50875 160.98 176.98
0 3272.50875 2432.50875 270.98 237.98000000000002
0 2570.50875 1137.50875 81.98 178.98
