0 415.50875 108.50875 191.98000000000002 224.98000000000002
0 233.50875 244.508125 132.98 210.98125000000002
0 1213.50875 109.50875 138.98 220.98000000000002
0 1794.50875 319.50875 102.98 156.98
0 896.50875 486.50875 134.98 199.98000000000002
0 1316.50875 426.50875 252.98000000000002 252.98000000000002
0 2218.50875 586.50875 148.98 199.98000000000002
0 2581.50875 611.50875 202.98000000000002 219.98000000000002
0 393.50875 971.50875 135.98 156.98
0 650.50875 975.50875 285.98 205.98000000000002
0 1363.50875 1188.50875 84.98 127.98
0 1541.50875 996.5087500000001 166.98 248.98000000000002
0 2749.50875 964.50875 109.98 230.98000000000002
0 3432.50875 1580.50875 215.98000000000002 273.98
0 2061.50875 1516.50875 173.98 309.98
0 2542.50875 1847.50875 124.98 145.98
0 322.50875 2396.50875 224.98000000000002 180.98
0 1213.50875 2328.50875 191.98000000000002 248.98000000000002
0 2000.50875 2446.50875 156.98 212.98000000000002
0 2574.50875 2627.50875 124.98 108.98
0 2567.50875 1128.50875 81.98 175.98
0 1032.50875 1639.50875 121.98 111.98
