0 141.508125 155.508125 195.98125000000002 209.98125000000002
0 590.50875 184.508125 205.98000000000002 198.98125000000002
0 144.50875 468.50875 320.98 341.98
0 1313.50875 27.50875 281.98 284.98
0 924.50875 504.50875 231.98000000000002 313.98
0 1736.50875 265.50875 107.98 145.98
0 2538.50875 141.508125 184.98 245.98125000000002
0 3034.50875 234.508125 170.98 180.98125000000002
0 2158.50875 519.50875 211.98000000000002 248.98000000000002
0 2663.50875 575.50875 177.98 210.98000000000002
0 77.508125 1206.50875 145.98125000000002 156.98
0 326.50875 864.50875 188.98 220.98000000000002
0 558.50875 946.50875 273.98 227.98000000000002
0 1320.50875 1103.50875 170.98 155.98
0 1495.50875 935.50875 216.98000000000002 295.98
0 2553.50875 1057.50875 112.98 176.98
0 2670.50875 900.50875 167.98 259.98
0 183.508125 1662.50875 192.98125000000002 141.98
0 600.50875 1498.50875 238.98000000000002 227.98000000000002
0 1213.50875 1623.50875 138.98 131.98
0 2025.50875 1441.50875 280.98 430.98
0 2460.50875 1730.50875 266.98 230.98000000000002
0 308.50875 2285.50875 256.98 324.98
0 1213.50875 2157.50875 273.98 448.98
0 1701.50875 2417.50875 184.98 167.98
0 2534.50875 2414.50875 170.98 191.98000000000002
0 3237.50875 2346.50875 291.98 305.98
