0 130.508125 155.508125 184.98125000000002 184.98125000000002
0 600.50875 180.508125 192.98000000000002 209.98125000000002
0 1288.50875 52.50875 298.98 316.98
0 137.50875 479.50875 320.98 327.98
0 911.50875 504.50875 233.98000000000002 330.98
0 1733.50875 283.50875 184.98 195.98000000000002
0 2517.50875 141.508125 202.98000000000002 245.98125000000002
0 3019.50875 247.508125 188.98 174.98125000000002
0 2168.50875 543.50875 202.98000000000002 242.98000000000002
0 2663.50875 590.50875 177.98 198.98000000000002
0 69.50875 1220.50875 142.98 149.98
0 312.50875 885.50875 202.98000000000002 206.98000000000002
0 543.50875 950.50875 284.98 234.98000000000002
0 1306.50875 1120.50875 170.98 156.98
0 1494.50875 953.50875 213.98000000000002 295.98
0 2563.50875 1049.50875 113.98 177.98
0 2663.50875 939.50875 177.98 248.98000000000002
0 194.508125 1665.50875 181.98125000000002 138.98
0 601.50875 1541.50875 244.98000000000002 195.98000000000002
0 1245.50875 1633.50875 106.98 142.98
0 2015.50875 1477.50875 305.98 412.98
0 2453.50875 1744.50875 255.98000000000002 241.98000000000002
0 297.508125 2292.50875 306.98125 331.98
0 1106.50875 2250.50875 131.98 155.98
0 1694.50875 2524.50875 60.980000000000004 117.98
0 1915.50875 2368.50875 313.98 322.98
0 2602.50875 2634.50875 181.98 101.98
