0 116.508125 137.508125 219.98125000000002 192.98125000000002
0 600.50875 187.508125 224.98000000000002 199.98125000000002
0 138.50875 518.50875 326.98 309.98
0 857.50875 390.50875 233.98000000000002 224.98000000000002
0 1163.50875 80.50875 227.98000000000002 277.98
0 1356.50875 411.50875 259.98 252.98000000000002
0 2250.50875 130.508125 81.98 152.98125000000002
0 2955.50875 123.508125 167.98 230.98125000000002
0 2136.50875 508.50875 120.98 163.98
0 2545.50875 533.50875 213.98000000000002 319.98
0 2973.50875 582.50875 184.98 334.98
0 56.50875 1213.50875 159.98 149.98
0 390.50875 1081.50875 173.98 195.98000000000002
0 961.50875 1074.50875 237.98000000000002 245.98000000000002
0 1356.50875 1021.5087500000001 255.98000000000002 237.98000000000002
0 1929.50875 1000.5087500000001 199.98000000000002 212.98000000000002
0 2610.50875 1192.50875 119.98 180.98
0 2994.50875 982.50875 217.98000000000002 255.98000000000002
0 319.50875 1733.50875 152.98 117.98
0 910.50875 1487.50875 320.98 181.98
0 1801.50875 1462.50875 99.98 145.98
0 2339.50875 1804.50875 234.98000000000002 192.98000000000002
0 2667.50875 1708.50875 258.98 259.98
0 633.50875 2189.50875 327.98 234.98000000000002
0 1203.50875 2175.50875 312.98 466.98
0 1719.50875 2481.50875 170.98 120.98
0 2521.50875 2456.50875 148.98 174.98
0 3272.50875 2349.50875 298.98 334.98
