0 205.508125 0.508125 170.98125000000002 104.97875
0 429.50875 41.50875 248.98000000000002 259.98
0 907.50875 69.50875 191.98000000000002 210.98000000000002
0 1380.50875 20.50875 249.98000000000002 248.98000000000002
0 1655.50875 259.508125 266.98 216.98125000000002
0 2585.50875 120.50875 194.98000000000002 294.98
0 2962.50875 91.50875 178.98 262.98
0 162.50875 472.50875 352.98 348.98
0 782.50875 476.50875 102.98 145.98
0 921.50875 508.50875 294.98 334.98
0 2104.50875 483.50875 166.98 188.98
0 2524.50875 522.50875 287.98 348.98
0 2959.50875 554.50875 248.98000000000002 355.98
0 3464.50875 636.50875 163.98 188.98
0 258.50875 1117.50875 138.98 152.98
0 582.50875 946.50875 306.98 213.98000000000002
0 1245.50875 1038.50875 220.98000000000002 206.98000000000002
0 1523.50875 928.50875 245.98000000000002 323.98
0 2592.50875 1049.50875 173.98 163.98
0 2670.50875 1160.50875 106.98 166.98
0 173.508125 1519.50875 237.98125000000002 167.98
0 583.50875 1466.50875 315.98 234.98000000000002
0 1195.50875 1612.50875 163.98 152.98
0 2032.50875 1448.50875 345.98 430.98
0 2439.50875 1658.50875 298.98 334.98
0 0.50875 2146.50875 61.980000000000004 131.98
0 668.50875 2110.50875 377.98 281.98
0 1242.50875 2143.50875 412.98 498.98
0 1715.50875 2471.50875 192.98000000000002 145.98
0 2528.50875 2424.50875 163.98 206.98000000000002
0 3254.50875 2285.50875 388.98 423.98
