0 187.508125 0.50875 202.98125000000002 133.98
0 401.50875 65.50875 241.98000000000002 242.98000000000002
0 889.50875 148.508125 195.98000000000002 213.98125000000002
0 1299.50875 119.50875 305.98 277.98
0 1655.50875 294.50875 270.98 216.98000000000002
0 2485.50875 215.508125 234.98000000000002 277.98125
0 2952.50875 137.50875 155.98 298.98
0 3009.50875 0.508125 173.98 86.97875
0 333.50875 778.50875 120.98 124.98
0 903.50875 401.50875 227.98000000000002 252.98000000000002
0 1341.50875 461.50875 273.98 291.98
0 2058.50875 557.50875 201.98000000000002 178.98
0 2517.50875 575.50875 302.98 345.98
0 2952.50875 597.50875 258.98 373.98
0 3568.50875 785.50875 79.98 120.98
0 234.508125 1199.50875 145.98125000000002 131.98
0 380.50875 1124.50875 173.98 206.98000000000002
0 928.50875 1088.50875 284.98 334.98
0 1409.50875 1060.50875 242.98000000000002 266.98
0 1901.50875 1067.50875 244.98000000000002 263.98
0 2659.50875 1263.50875 109.98 152.98
0 2998.50875 999.5087500000001 319.98 313.98
0 294.50875 1783.50875 202.98000000000002 156.98
0 953.50875 1701.50875 402.98 181.98
0 1719.50875 1576.50875 123.98 135.98
0 2242.50875 1869.50875 342.98 202.98000000000002
0 2691.50875 1836.50875 302.98 299.98
0 564.50875 2253.50875 352.98 288.98
0 1284.50875 2520.50875 388.98 215.98000000000002
0 2506.50875 2542.50875 159.98 159.98
