0 468.50875 0.50875 217.98000000000002 129.98
0 169.508125 184.508125 224.98125000000002 177.98125000000002
0 643.50875 201.508125 159.98 163.98125000000002
0 1131.50875 119.508125 238.98000000000002 202.98125000000002
0 1537.50875 198.508125 149.98 177.98125000000002
0 1897.50875 0.50875 185.98 79.9775
0 2506.50875 237.508125 263.98 291.98125
0 3005.50875 0.508125 188.98 90.97875
0 3001.50875 237.508125 238.98000000000002 195.98125000000002
0 322.50875 824.50875 146.98 113.98
0 846.50875 529.50875 256.98 223.98000000000002
0 1327.50875 590.50875 273.98 219.98000000000002
0 2104.50875 629.50875 195.98000000000002 152.98
0 2574.50875 622.50875 291.98 309.98
0 2944.50875 608.50875 285.98 387.98
0 0.50875 1313.50875 215.98000000000002 142.98
0 219.508125 971.50875 163.98125000000002 163.98
0 561.50875 993.5087500000001 298.98 223.98000000000002
0 1217.50875 1206.50875 212.98000000000002 266.98
0 1559.50875 1032.50875 216.98000000000002 290.98
0 2585.50875 1128.50875 180.98 177.98
0 2681.50875 1284.50875 106.98 128.98
0 344.50875 1915.50875 184.98 145.98
0 946.50875 1748.50875 387.98 230.98000000000002
0 1730.50875 1676.50875 127.98 124.98
0 2264.50875 1851.50875 312.98 205.98000000000002
0 2649.50875 1836.50875 316.98 305.98
0 191.508125 2281.50875 373.98125 423.98
0 1025.50875 2261.50875 202.98000000000002 387.98
0 2513.50875 2481.50875 181.98 174.98
0 3258.50875 2442.50875 380.98 293.98
