0 169.508125 0.50875 252.98125000000002 161.98
0 123.50875 162.508125 277.98 191.98125000000002
0 625.50875 187.508125 177.98 149.98125000000002
0 1124.50875 112.50875 248.98000000000002 266.98
0 1861.50875 0.508125 199.98000000000002 108.97875
0 1537.50875 159.508125 142.98 205.98125000000002
0 1676.50875 312.50875 231.98000000000002 195.98000000000002
0 2478.50875 266.508125 256.98 298.98125
0 3005.50875 0.508125 170.98 112.97875
0 3005.50875 265.50875 248.98000000000002 185.98
0 333.50875 875.50875 131.98 120.98
0 693.50875 622.50875 113.98 155.98
0 946.50875 543.50875 245.98000000000002 334.98
0 1822.50875 635.50875 70.98 124.98
0 2122.50875 604.50875 262.98 280.98
0 3593.50875 803.50875 54.980000000000004 110.98
0 2684.50875 679.50875 263.98 202.98000000000002
0 5.50875 1274.50875 220.98000000000002 294.98
0 344.50875 1152.50875 170.98 216.98000000000002
0 896.50875 1149.50875 270.98 337.98
0 1345.50875 1128.50875 219.98000000000002 269.98
0 1875.50875 1106.50875 213.98000000000002 273.98
0 2688.50875 1006.5087500000001 202.98000000000002 199.98000000000002
0 2987.50875 1003.5087500000001 309.98 287.98
0 290.50875 1911.50875 231.98000000000002 167.98
0 878.50875 1666.50875 323.98 234.98000000000002
0 1687.50875 1658.50875 131.98 117.98
0 2211.50875 1819.50875 323.98 273.98
0 2652.50875 1861.50875 249.98000000000002 292.98
0 550.50875 2332.50875 356.98 284.98
0 1242.50875 2531.50875 373.98 204.98000000000002
0 1937.50875 2410.50875 337.98 325.98
0 2602.50875 2656.50875 195.98000000000002 79.98
