0 187.508125 0.50875 188.98125000000002 150.98
0 358.50875 102.50875 245.98000000000002 237.98000000000002
0 839.50875 205.508125 195.98000000000002 170.98125000000002
0 1376.50875 126.508125 231.98000000000002 238.98125000000002
0 1879.50875 0.50875 192.98000000000002 79.9775
0 2439.50875 2.50875 73.98 45.980000000000004
0 2485.50875 230.508125 266.98 170.98125000000002
0 2958.50875 126.508125 149.98 249.98125000000002
0 145.50875 593.50875 384.98 288.98
0 864.50875 490.50875 252.98000000000002 223.98000000000002
0 1331.50875 472.50875 266.98 248.98000000000002
0 536.50875 971.50875 308.98 234.98000000000002
0 237.50875 1281.50875 141.98 141.98
0 935.50875 1120.50875 245.98000000000002 327.98
0 1377.50875 1113.50875 241.98000000000002 245.98000000000002
0 1919.50875 1085.50875 230.98000000000002 237.98000000000002
0 2136.50875 575.50875 255.98000000000002 227.98000000000002
0 2674.50875 721.50875 255.98000000000002 231.98000000000002
0 3375.50875 903.50875 138.98 81.98
0 2552.50875 1103.50875 263.98 151.98
0 2702.50875 1006.5087500000001 163.98 188.98
0 123.508125 1972.50875 209.98125000000002 109.98
0 550.50875 1562.50875 274.98 277.98
0 1142.50875 1630.50875 194.98000000000002 156.98
0 2036.50875 1605.50875 363.98 373.98
0 2496.50875 1722.50875 259.98 277.98
0 194.508125 2275.50875 359.98125 412.98
0 996.5087500000001 2235.50875 241.98000000000002 381.98
0 1612.50875 2585.50875 238.98000000000002 148.98
0 2531.50875 2456.50875 142.98 167.98
0 3265.50875 2413.50875 370.98 322.98
0 1239.50875 0.50875 90.98 69.9775
