0 148.508125 0.508125 248.98125000000002 100.97875
0 383.50875 112.50875 248.98000000000002 249.98000000000002
0 886.50875 91.50875 194.98000000000002 205.98000000000002
0 1416.50875 62.50875 177.98 284.98
0 1701.50875 247.508125 234.98000000000002 220.98125000000002
0 2539.50875 151.508125 230.98000000000002 270.98125
0 2959.50875 119.50875 163.98 259.98
0 155.508125 529.50875 309.98125 295.98
0 907.50875 344.50875 220.98000000000002 259.98
0 1370.50875 415.50875 262.98 302.98
0 2100.50875 493.50875 213.98000000000002 206.98000000000002
0 2527.50875 554.50875 302.98 301.98
0 2962.50875 572.50875 259.98 334.98
0 3561.50875 707.50875 86.98 167.98
0 251.50875 1192.50875 117.98 138.98
0 379.50875 1074.50875 178.98 184.98
0 921.50875 1042.50875 273.98 327.98
0 1416.50875 995.5087500000001 227.98000000000002 263.98
0 1936.50875 978.50875 235.98000000000002 241.98000000000002
0 2667.50875 1174.50875 109.98 166.98
0 3005.50875 1025.50875 256.98 244.98000000000002
0 326.50875 1683.50875 202.98000000000002 195.98000000000002
0 889.50875 1501.50875 405.98 249.98000000000002
0 1751.50875 1463.50875 127.98 155.98
0 2254.50875 1787.50875 326.98 252.98000000000002
0 2755.50875 1712.50875 298.98 284.98
0 579.50875 2175.50875 363.98 309.98
0 1227.50875 2300.50875 398.98 426.98
0 1740.50875 2528.50875 195.98000000000002 155.98
0 2488.50875 2449.50875 203.98000000000002 195.98000000000002
0 3279.50875 2424.50875 368.98 311.98
