0 148.508125 0.508125 284.98125 125.97875
0 379.50875 169.508125 256.98 163.98125000000002
0 878.50875 41.50875 195.98000000000002 255.98000000000002
0 1409.50875 62.50875 192.98000000000002 288.98
0 1676.50875 236.508125 262.98 224.98125000000002
0 2538.50875 162.508125 209.98000000000002 263.98125
0 2994.50875 0.508125 178.98 125.97875
0 3044.50875 233.508125 223.98000000000002 181.98125000000002
0 266.50875 835.50875 198.98000000000002 238.98000000000002
0 914.50875 372.50875 230.98000000000002 259.98
0 1367.50875 416.50875 258.98 287.98
0 2107.50875 483.50875 163.98 205.98000000000002
0 2538.50875 561.50875 270.98 298.98
0 2976.50875 561.50875 263.98 355.98
0 0.50875 1199.50875 261.98 320.98
0 369.50875 1075.50875 184.98 205.98000000000002
0 953.50875 1028.50875 245.98000000000002 344.98
0 1405.50875 995.5087500000001 234.98000000000002 253.98000000000002
0 1936.50875 967.50875 245.98000000000002 249.98000000000002
0 2659.50875 1163.50875 106.98 156.98
0 3009.50875 989.5087500000001 319.98 294.98
0 298.50875 1676.50875 209.98000000000002 199.98000000000002
0 874.50875 1488.50875 413.98 251.98000000000002
0 1758.50875 1480.50875 134.98 160.98
0 2254.50875 1794.50875 216.98000000000002 205.98000000000002
0 2784.50875 1730.50875 281.98 280.98
0 604.50875 2157.50875 355.98 323.98
0 1206.50875 2253.50875 388.98 477.98
0 1726.50875 2481.50875 191.98000000000002 192.98000000000002
0 2521.50875 2467.50875 174.98 159.98
