0 187.508125 4.508125 195.98125000000002 104.97875
0 394.50875 88.50875 238.98000000000002 258.98
0 864.50875 41.50875 188.98 263.98
0 1327.50875 59.50875 259.98 284.98
0 1694.50875 265.50875 234.98000000000002 195.98000000000002
0 2192.50875 77.50875 189.98 219.98000000000002
0 2698.50875 144.508125 235.98000000000002 185.98125000000002
0 3016.50875 183.508125 241.98000000000002 227.98125000000002
0 287.50875 639.50875 156.98 138.98
0 886.50875 401.50875 240.98000000000002 276.98
0 1370.50875 436.50875 266.98 306.98
0 2108.50875 490.50875 145.98 195.98000000000002
0 2524.50875 575.50875 270.98 259.98
0 2970.50875 543.50875 234.98000000000002 338.98
0 3514.50875 675.50875 133.98 145.98
0 0.50875 1206.50875 221.98000000000002 241.98000000000002
0 383.50875 1074.50875 192.98000000000002 195.98000000000002
0 942.50875 1045.50875 260.98 324.98
0 1409.50875 1021.5087500000001 216.98000000000002 241.98000000000002
0 1932.50875 949.50875 245.98000000000002 256.98
0 2752.50875 932.50875 213.98000000000002 219.98000000000002
0 141.508125 1744.50875 195.98125000000002 152.98
0 554.50875 1534.50875 269.98 244.98000000000002
0 1178.50875 1604.50875 162.98 207.98000000000002
0 2033.50875 1502.50875 329.98 387.98
0 2406.50875 1694.50875 281.98 298.98
0 201.508125 2278.50875 370.98125 380.98
0 975.50875 2175.50875 251.98000000000002 330.98
0 1587.50875 2467.50875 181.98 268.98
0 1940.50875 2371.50875 348.98 323.98
0 2614.50875 2638.50875 237.98000000000002 97.98
