0 162.508125 0.508125 228.98125000000002 97.97875
0 383.50875 76.50875 209.98000000000002 249.98000000000002
0 1160.50875 52.50875 198.98000000000002 227.98000000000002
0 1513.50875 119.508125 169.98 213.98125000000002
0 1858.50875 0.50875 99.98 58.980000000000004
0 2521.50875 127.50875 245.98000000000002 273.98
0 2937.50875 116.50875 153.98 266.98
0 144.50875 458.50875 323.98 319.98
0 668.50875 465.50875 166.98 206.98000000000002
0 932.50875 475.50875 255.98000000000002 317.98
0 1833.50875 558.50875 63.980000000000004 134.98
0 2222.50875 518.50875 180.98 274.98
0 2642.50875 522.50875 269.98 230.98000000000002
0 3326.50875 678.50875 198.98000000000002 146.98
0 0.50875 1142.50875 247.98000000000002 345.98
0 269.508125 796.50875 217.98125000000002 270.98
0 547.50875 946.50875 287.98 230.98000000000002
0 1227.50875 1045.50875 202.98000000000002 228.98000000000002
0 1544.50875 942.50875 199.98000000000002 256.98
0 2496.50875 1010.5087500000001 137.98 184.98
0 2663.50875 1124.50875 121.98 177.98
0 159.508125 1694.50875 173.98125000000002 152.98
0 565.50875 1502.50875 273.98 248.98000000000002
0 1149.50875 1562.50875 191.98000000000002 177.98
0 2008.50875 1513.50875 323.98 362.98
0 2407.50875 1662.50875 344.98 305.98
0 209.508125 2264.50875 362.98125 391.98
0 1000.5087500000001 2125.50875 258.98 405.98
0 1533.50875 2449.50875 170.98 266.98
0 1964.50875 2324.50875 356.98 317.98
0 2620.50875 2617.50875 217.98000000000002 118.98
0 606.50875 164.508125 237.98000000000002 209.98125000000002
