0 173.508125 0.508125 244.98125000000002 93.97875
0 408.50875 77.50875 230.98000000000002 259.98
0 878.50875 9.508750000000001 195.98000000000002 284.98
0 1327.50875 41.50875 252.98000000000002 284.98
0 1868.50875 0.50875 103.98 72.9775
0 1686.50875 233.508125 241.98000000000002 199.98125000000002
0 2510.50875 98.50875 220.98000000000002 284.98
0 2945.50875 105.50875 148.98 266.98
0 173.508125 483.50875 341.98125 294.98
0 907.50875 340.50875 237.98000000000002 259.98
0 1359.50875 398.50875 252.98000000000002 280.98
0 2115.50875 454.50875 155.98 241.98000000000002
0 2531.50875 522.50875 252.98000000000002 295.98
0 2912.50875 515.50875 270.98 337.98
0 3482.50875 632.50875 165.98 160.98
0 276.50875 1163.50875 149.98 152.98
0 397.50875 1053.50875 185.98 202.98000000000002
0 971.50875 992.5087500000001 238.98000000000002 323.98
0 1363.50875 950.50875 252.98000000000002 251.98000000000002
0 1907.50875 921.50875 249.98000000000002 241.98000000000002
0 2663.50875 903.50875 263.98 377.98
0 2995.50875 939.50875 301.98 291.98
0 276.50875 1654.50875 202.98000000000002 206.98000000000002
0 846.50875 1462.50875 391.98 227.98000000000002
0 1740.50875 1427.50875 138.98 184.98
0 2239.50875 1769.50875 323.98 223.98000000000002
0 2677.50875 1715.50875 330.98 284.98
0 561.50875 2136.50875 359.98 309.98
0 1160.50875 2228.50875 369.98 466.98
0 1747.50875 2520.50875 188.98 178.98
0 2524.50875 2453.50875 145.98 166.98
