0 248.508125 0.508125 212.98125000000002 118.97875
0 55.50875 985.5087500000001 238.98000000000002 323.98
0 376.50875 1837.50875 248.98000000000002 283.98
0 607.50875 1213.50875 285.98 355.98
0 942.50875 233.508125 192.98000000000002 202.98125000000002
0 1423.50875 426.50875 256.98 312.98
0 1811.50875 604.50875 359.98 295.98
0 2656.50875 183.508125 213.98000000000002 274.98125
0 3226.50875 803.50875 177.98 249.98000000000002
0 2767.50875 1142.50875 251.98000000000002 391.98
0 3429.50875 1833.50875 218.98000000000002 241.98000000000002
0 2516.50875 1444.50875 208.98000000000002 181.98
0 163.508125 368.50875 245.98125000000002 166.98
0 1050.50875 58.50875 194.98000000000002 212.98000000000002
0 3528.50875 49.50875 119.98 233.98000000000002
0 2820.50875 602.50875 123.98 136.98
