0 987.5087500000001 1268.50875 158.98 179.98
0 1787.50875 2023.50875 199.98000000000002 179.98
0 2372.50875 1909.50875 98.98 219.98000000000002
0 1815.50875 863.50875 154.98 178.98
0 1625.50875 804.50875 93.98 192.98000000000002
0 351.50875 1212.50875 103.98 156.98
0 485.50875 789.50875 88.98 189.98
0 700.50875 224.508125 144.98 220.98125000000002
0 1440.50875 222.508125 75.98 163.98125000000002
0 1724.50875 19.50875 90.98 184.98
0 2904.50875 54.50875 116.98 235.98000000000002
0 351.50875 2162.50875 158.98 141.98
0 3601.50875 323.50875 46.980000000000004 121.98
