0 144.508125 0.508125 220.98125000000002 83.97875
0 372.50875 69.50875 234.98000000000002 260.98
0 839.50875 48.50875 177.98 252.98000000000002
0 1384.50875 45.50875 181.98 308.98
0 1708.50875 226.508125 206.98000000000002 199.98125000000002
0 2153.50875 48.50875 181.98 206.98000000000002
0 2652.50875 102.508125 227.98000000000002 198.98125000000002
0 2970.50875 162.508125 241.98000000000002 227.98125000000002
0 283.50875 635.50875 124.98 113.98
0 857.50875 344.50875 234.98000000000002 248.98000000000002
0 1327.50875 387.50875 237.98000000000002 291.98
0 2082.50875 458.50875 195.98000000000002 198.98000000000002
0 2510.50875 505.50875 259.98 297.98
0 2909.50875 514.50875 262.98 238.98000000000002
0 3468.50875 536.50875 179.98 213.98000000000002
0 226.508125 1106.50875 156.98125000000002 170.98
0 340.50875 1063.50875 192.98000000000002 174.98
0 903.50875 992.5087500000001 252.98000000000002 334.98
0 1331.50875 945.50875 227.98000000000002 227.98000000000002
0 1865.50875 928.50875 231.98000000000002 238.98000000000002
0 2614.50875 903.50875 248.98000000000002 263.98
0 2966.50875 946.50875 291.98 287.98
0 226.508125 1633.50875 227.98125000000002 191.98000000000002
0 878.50875 1416.50875 281.98 224.98000000000002
0 1712.50875 1437.50875 123.98 170.98
0 2228.50875 1783.50875 320.98 249.98000000000002
0 2663.50875 1701.50875 305.98 284.98
0 539.50875 2104.50875 342.98 277.98
0 1095.50875 2139.50875 342.98 466.98
0 1680.50875 2471.50875 188.98 180.98
0 2513.50875 2453.50875 135.98 170.98
0 3258.50875 2356.50875 359.98 342.98
