0 109.50875 0.50875 273.98 222.98000000000002
0 341.508125 1908.50875 387.98125 287.98
0 843.50875 1145.50875 269.98 324.98
0 1050.50875 219.508125 244.98000000000002 334.98125
0 1366.50875 540.50875 192.98000000000002 259.98
0 2980.50875 251.508125 281.98 427.98125
0 2734.50875 1309.50875 213.98000000000002 266.98
0 2577.50875 1986.50875 210.98000000000002 191.98000000000002
0 1525.50875 1988.50875 90.98 248.98000000000002
0 3306.50875 2313.50875 242.98000000000002 173.98
0 1756.50875 49.508125 72.98 87.98125
