0 162.508125 0.508125 213.98125000000002 107.97875
0 408.50875 73.50875 234.98000000000002 280.98
0 868.50875 13.508750000000001 180.98 273.98
0 1412.50875 37.50875 210.98000000000002 299.98
0 1715.50875 216.508125 217.98000000000002 212.98125000000002
0 2535.50875 109.50875 234.98000000000002 259.98
0 2966.50875 102.50875 116.98 251.98000000000002
0 3016.50875 144.508125 237.98000000000002 245.98125000000002
0 722.50875 436.50875 155.98 235.98000000000002
0 939.50875 461.50875 248.98000000000002 313.98
0 1377.50875 394.50875 245.98000000000002 284.98
0 2114.50875 465.50875 153.98 220.98000000000002
0 2531.50875 511.50875 255.98000000000002 298.98
0 2952.50875 519.50875 252.98000000000002 337.98
0 3511.50875 600.50875 136.98 148.98
0 0.50875 1128.50875 261.98 337.98
0 390.50875 1021.5087500000001 188.98 220.98000000000002
0 928.50875 1014.5087500000001 277.98 287.98
0 1405.50875 939.50875 227.98000000000002 245.98000000000002
0 1926.50875 903.50875 251.98000000000002 256.98
0 2685.50875 896.50875 241.98000000000002 255.98000000000002
0 109.50875 1658.50875 223.98000000000002 145.98
0 562.50875 1494.50875 276.98 234.98000000000002
0 1177.50875 1584.50875 181.98 205.98000000000002
0 2036.50875 1466.50875 330.98 387.98
0 2428.50875 1616.50875 316.98 269.98
0 212.508125 2250.50875 370.98125 376.98
0 978.50875 2115.50875 234.98000000000002 319.98
0 1548.50875 2468.50875 199.98000000000002 267.98
0 2061.50875 2321.50875 234.98000000000002 227.98000000000002
0 2645.50875 2595.50875 206.98000000000002 140.98
