0 144.508125 0.508125 224.98125000000002 90.97875
0 380.50875 73.50875 248.98000000000002 245.98000000000002
0 846.50875 37.50875 188.98 249.98000000000002
0 1398.50875 37.50875 188.98 309.98
0 1715.50875 226.508125 217.98000000000002 202.98125000000002
0 2531.50875 109.50875 252.98000000000002 230.98000000000002
0 3037.50875 0.50875 160.98 65.9775
0 3005.50875 159.508125 227.98000000000002 223.98125000000002
0 316.50875 647.50875 116.98 134.98
0 864.50875 358.50875 234.98000000000002 273.98
0 1359.50875 412.50875 252.98000000000002 269.98
0 2100.50875 469.50875 206.98000000000002 223.98000000000002
0 2528.50875 508.50875 231.98000000000002 301.98
0 2938.50875 518.50875 258.98 337.98
0 3468.50875 568.50875 179.98 184.98
0 0.50875 1116.50875 250.98000000000002 349.98
0 362.50875 1031.50875 198.98000000000002 203.98000000000002
0 924.50875 996.5087500000001 260.98 334.98
0 1373.50875 928.50875 245.98000000000002 241.98000000000002
0 1922.50875 910.50875 245.98000000000002 249.98000000000002
0 2659.50875 903.50875 249.98000000000002 263.98
0 2998.50875 992.5087500000001 291.98 238.98000000000002
0 247.508125 1643.50875 181.98125000000002 196.98000000000002
0 850.50875 1434.50875 390.98 238.98000000000002
0 1755.50875 1405.50875 113.98 188.98
0 2267.50875 1773.50875 295.98 216.98000000000002
0 2706.50875 1705.50875 319.98 216.98000000000002
0 572.50875 2114.50875 348.98 277.98
0 1170.50875 2168.50875 366.98 462.98
0 1726.50875 2485.50875 202.98000000000002 145.98
0 2524.50875 2449.50875 153.98 170.98
