0 130.50875 0.508125 298.98 122.97875
0 372.50875 102.50875 248.98000000000002 227.98000000000002
0 864.50875 62.50875 199.98000000000002 210.98000000000002
0 1341.50875 52.50875 198.98000000000002 298.98
0 1730.50875 230.508125 198.98000000000002 194.98125000000002
0 2538.50875 105.50875 252.98000000000002 270.98
0 3030.50875 0.50875 181.98 58.980000000000004
0 3016.50875 159.508125 230.98000000000002 216.98125000000002
0 269.508125 814.50875 220.98125000000002 259.98
0 914.50875 422.50875 237.98000000000002 224.98000000000002
0 1384.50875 429.50875 252.98000000000002 284.98
0 2114.50875 458.50875 188.98 198.98000000000002
0 2539.50875 515.50875 280.98 291.98
0 2966.50875 522.50875 245.98000000000002 320.98
0 3536.50875 525.50875 111.98 178.98
0 202.508125 1131.50875 166.98125000000002 159.98
0 558.50875 964.50875 287.98 198.98000000000002
0 1263.50875 1067.50875 230.98000000000002 255.98000000000002
0 1602.50875 971.50875 212.98000000000002 202.98000000000002
0 2517.50875 999.5087500000001 170.98 181.98
0 2674.50875 953.50875 284.98 238.98000000000002
0 116.50875 1605.50875 252.98000000000002 170.98
0 543.50875 1516.50875 270.98 255.98000000000002
0 1192.50875 1608.50875 170.98 195.98000000000002
0 2043.50875 1488.50875 334.98 380.98
0 2449.50875 1633.50875 295.98 313.98
0 215.508125 2256.50875 363.98125 306.98
0 964.50875 2100.50875 298.98 334.98
0 1587.50875 2446.50875 167.98 170.98
0 2107.50875 2246.50875 67.98 56.980000000000004
0 2513.50875 2474.50875 135.98 135.98
