0 141.508125 0.508125 231.98125000000002 115.97875
0 394.50875 69.50875 234.98000000000002 256.98
0 860.50875 27.50875 185.98 237.98000000000002
0 1320.50875 37.50875 198.98000000000002 292.98
0 1719.50875 219.508125 216.98000000000002 202.98125000000002
0 2503.50875 102.50875 241.98000000000002 259.98
0 2923.50875 105.50875 156.98 288.98
0 187.508125 490.50875 302.98125 220.98000000000002
0 273.50875 807.50875 213.98000000000002 227.98000000000002
0 892.50875 362.50875 210.98000000000002 259.98
0 1373.50875 390.50875 256.98 291.98
0 2079.50875 468.50875 198.98000000000002 238.98000000000002
0 2492.50875 515.50875 274.98 284.98
0 2923.50875 533.50875 263.98 312.98
0 3504.50875 533.50875 143.98 191.98000000000002
0 216.508125 1124.50875 141.98125000000002 152.98
0 565.50875 953.50875 277.98 198.98000000000002
0 1245.50875 1017.5087500000001 127.98 238.98000000000002
0 1545.50875 924.50875 202.98000000000002 252.98000000000002
0 2510.50875 981.50875 152.98 192.98000000000002
0 2645.50875 1135.50875 127.98 184.98
0 34.50875 1609.50875 273.98 169.98
0 547.50875 1502.50875 277.98 244.98000000000002
0 1192.50875 1591.50875 162.98 216.98000000000002
0 2011.50875 1466.50875 334.98 238.98000000000002
0 2421.50875 1640.50875 320.98 295.98
0 230.508125 2247.50875 337.98125 390.98
0 967.50875 2118.50875 292.98 320.98
0 1537.50875 2435.50875 234.98000000000002 300.98
0 2001.50875 2328.50875 298.98 320.98
0 2627.50875 2581.50875 209.98000000000002 154.98
