0 144.508125 0.508125 220.98125000000002 100.97875
0 386.50875 73.50875 228.98000000000002 248.98000000000002
0 846.50875 20.50875 191.98000000000002 237.98000000000002
0 1320.50875 52.50875 195.98000000000002 273.98
0 1723.50875 219.508125 202.98000000000002 206.98125000000002
0 2524.50875 98.50875 234.98000000000002 270.98
0 3062.50875 0.50875 134.98 61.980000000000004
0 2991.50875 145.508125 234.98000000000002 223.98125000000002
0 137.50875 614.50875 298.98 185.98
0 668.50875 387.50875 188.98 262.98
0 931.50875 454.50875 253.98000000000002 302.98
0 1819.50875 476.50875 91.98 152.98
0 2232.50875 511.50875 181.98 256.98
0 2656.50875 501.50875 266.98 219.98000000000002
0 3322.50875 551.50875 174.98 173.98
0 0.50875 1120.50875 243.98000000000002 327.98
0 369.50875 1031.50875 198.98000000000002 202.98000000000002
0 910.50875 1003.5087500000001 298.98 312.98
0 1334.50875 935.50875 267.98 277.98
0 1926.50875 896.50875 245.98000000000002 255.98000000000002
0 2667.50875 881.50875 269.98 267.98
0 2991.50875 988.5087500000001 284.98 235.98000000000002
0 259.508125 1641.50875 205.98125000000002 177.98
0 850.50875 1438.50875 351.98 237.98000000000002
0 1758.50875 1373.50875 106.98 206.98000000000002
0 2246.50875 1779.50875 316.98 217.98000000000002
0 2730.50875 1694.50875 306.98 277.98
0 547.50875 2103.50875 359.98 317.98
0 1192.50875 2158.50875 348.98 443.98
0 1712.50875 2460.50875 209.98000000000002 188.98
0 2488.50875 2453.50875 163.98 163.98
