0 134.508125 0.508125 223.98125000000002 108.97875
0 372.50875 77.50875 234.98000000000002 241.98000000000002
0 846.50875 23.50875 195.98000000000002 245.98000000000002
0 1313.50875 37.50875 294.98 288.98
0 1712.50875 226.508125 205.98000000000002 192.98125000000002
0 2503.50875 102.50875 259.98 262.98
0 3030.50875 0.50875 166.98 44.980000000000004
0 2998.50875 144.508125 238.98000000000002 213.98125000000002
0 102.50875 600.50875 315.98 224.98000000000002
0 874.50875 344.50875 217.98000000000002 255.98000000000002
0 1345.50875 390.50875 245.98000000000002 281.98
0 2072.50875 461.50875 205.98000000000002 213.98000000000002
0 2506.50875 479.50875 270.98 309.98
0 2927.50875 504.50875 234.98000000000002 320.98
0 3461.50875 458.50875 186.98 202.98000000000002
0 0.50875 1124.50875 225.98000000000002 316.98
0 348.50875 1024.50875 198.98000000000002 202.98000000000002
0 917.50875 1003.5087500000001 274.98 316.98
0 1287.50875 918.50875 274.98 308.98
0 1922.50875 903.50875 231.98000000000002 238.98000000000002
0 2642.50875 893.50875 237.98000000000002 255.98000000000002
0 2980.50875 935.50875 298.98 288.98
0 237.508125 1637.50875 209.98125000000002 188.98
0 846.50875 1416.50875 366.98 242.98000000000002
0 1751.50875 1374.50875 124.98 184.98
0 2239.50875 1773.50875 327.98 216.98000000000002
0 2702.50875 1690.50875 302.98 292.98
0 554.50875 2115.50875 348.98 316.98
0 1153.50875 2147.50875 348.98 447.98
0 1730.50875 2438.50875 191.98000000000002 195.98000000000002
0 1950.50875 2353.50875 338.98 316.98
0 2634.50875 2585.50875 203.98000000000002 150.98
