0 126.508125 0.508125 231.98125000000002 111.97875
0 372.50875 69.50875 238.98000000000002 260.98
0 868.50875 30.50875 198.98000000000002 231.98000000000002
0 1384.50875 37.50875 134.98 302.98
0 1723.50875 241.508125 205.98000000000002 184.98125000000002
0 2507.50875 102.50875 258.98 277.98
0 2916.50875 73.50875 181.98 288.98
0 119.50875 500.50875 281.98 245.98000000000002
0 650.50875 348.50875 234.98000000000002 273.98
0 953.50875 472.50875 252.98000000000002 313.98
0 1840.50875 476.50875 81.98 177.98
0 2161.50875 565.50875 255.98000000000002 255.98000000000002
0 2681.50875 494.50875 270.98 244.98000000000002
0 3301.50875 539.50875 184.98 185.98
0 227.508125 818.50875 223.98125000000002 212.98000000000002
0 216.508125 1135.50875 152.98125000000002 145.98
0 536.50875 917.50875 280.98 224.98000000000002
0 1256.50875 1031.50875 234.98000000000002 227.98000000000002
0 1548.50875 942.50875 213.98000000000002 195.98000000000002
0 2507.50875 1000.5087500000001 248.98000000000002 184.98
0 2656.50875 1159.50875 149.98 185.98
0 3468.50875 1063.50875 92.98 110.98
0 212.508125 1655.50875 280.98125 159.98
0 839.50875 1402.50875 412.98 241.98000000000002
0 1762.50875 1380.50875 120.98 167.98
0 2242.50875 1759.50875 320.98 226.98000000000002
0 2724.50875 1705.50875 316.98 291.98
0 568.50875 2122.50875 362.98 316.98
0 1209.50875 2146.50875 317.98 441.98
0 1747.50875 2471.50875 213.98000000000002 259.98
0 1986.50875 2371.50875 302.98 298.98
0 2624.50875 2556.50875 202.98000000000002 159.98
0 3248.50875 2286.50875 398.98 390.98
