0 134.508125 0.508125 223.98125000000002 122.97875
0 372.50875 77.50875 234.98000000000002 248.98000000000002
0 871.50875 55.50875 188.98 220.98000000000002
0 1380.50875 52.50875 149.98 284.98
0 1730.50875 219.508125 202.98000000000002 206.98125000000002
0 2513.50875 109.50875 271.98 262.98
0 3023.50875 0.50875 138.98 65.9775
0 2991.50875 151.508125 234.98000000000002 213.98125000000002
0 144.50875 572.50875 316.98 252.98000000000002
0 878.50875 365.50875 220.98000000000002 252.98000000000002
0 1352.50875 379.50875 263.98 284.98
0 2093.50875 447.50875 181.98 188.98
0 2503.50875 497.50875 305.98 291.98
0 2969.50875 511.50875 231.98000000000002 327.98
0 3504.50875 483.50875 143.98 180.98
0 0.50875 1117.50875 236.98000000000002 319.98
0 369.50875 1021.5087500000001 188.98 202.98000000000002
0 910.50875 1014.5087500000001 334.98 323.98
0 1323.50875 942.50875 281.98 249.98000000000002
0 1954.50875 921.50875 241.98000000000002 241.98000000000002
0 2649.50875 1174.50875 152.98 163.98
0 2987.50875 996.5087500000001 302.98 248.98000000000002
0 112.50875 1601.50875 259.98 163.98
0 543.50875 1491.50875 263.98 252.98000000000002
0 1142.50875 1580.50875 213.98000000000002 216.98000000000002
0 2025.50875 1459.50875 316.98 373.98
0 2460.50875 1605.50875 306.98 305.98
0 208.508125 2239.50875 356.98125 377.98
0 978.50875 2096.50875 298.98 331.98
0 1505.50875 2410.50875 231.98000000000002 325.98
0 2111.50875 2154.50875 113.98 109.98
0 2517.50875 2460.50875 145.98 159.98
0 3073.50875 2510.50875 134.98 148.98
