0 248.508125 0.50875 212.98125000000002 154.98
0 0.50875 1227.50875 257.98 345.98
0 921.50875 1081.50875 345.98 345.98
0 600.50875 1833.50875 249.98000000000002 444.98
0 1124.50875 176.508125 294.98 348.98125
0 1644.50875 66.50875 409.98 377.98
0 2677.50875 219.508125 224.98000000000002 245.98125000000002
0 2585.50875 1238.50875 366.98 241.98000000000002
0 2652.50875 1943.50875 238.98000000000002 184.98
0 3343.50875 2171.50875 304.98 281.98
0 3270.50875 830.50875 120.98 239.98000000000002
0 2920.50875 2250.50875 117.98 96.98
0 0.50875 407.50875 128.98 160.98
0 1111.50875 85.50875 133.98 209.98000000000002
0 1777.50875 0.508125 105.98 105.97875
0 2522.99875 1519.99875 180.0 158.0
