0 155.508125 0.50875 209.98125000000002 129.98
0 365.50875 73.50875 234.98000000000002 256.98
0 878.50875 34.50875 174.98 238.98000000000002
0 1356.50875 55.50875 191.98000000000002 270.98
0 1722.50875 226.508125 199.98000000000002 195.98125000000002
0 2499.50875 87.50875 256.98 259.98
0 2909.50875 76.50875 148.98 306.98
0 134.50875 497.50875 298.98 238.98000000000002
0 640.50875 344.50875 241.98000000000002 270.98
0 964.50875 479.50875 245.98000000000002 281.98
0 1815.50875 472.50875 106.98 170.98
0 2182.50875 529.50875 241.98000000000002 277.98
0 2663.50875 504.50875 266.98 209.98000000000002
0 3272.50875 525.50875 188.98 192.98000000000002
0 240.508125 814.50875 195.98125000000002 216.98000000000002
0 205.508125 1131.50875 170.98125000000002 159.98
0 543.50875 914.50875 277.98 213.98000000000002
0 1238.50875 1024.50875 227.98000000000002 206.98000000000002
0 1573.50875 943.50875 206.98000000000002 287.98
0 2489.50875 960.50875 226.98000000000002 202.98000000000002
0 2641.50875 1135.50875 146.98 191.98000000000002
0 3415.50875 938.50875 232.98000000000002 213.98000000000002
0 226.508125 1644.50875 245.98125000000002 138.98
0 886.50875 1399.50875 358.98 230.98000000000002
0 1765.50875 1359.50875 117.98 199.98000000000002
0 2242.50875 1751.50875 324.98 230.98000000000002
0 2713.50875 1723.50875 305.98 273.98
0 568.50875 2139.50875 327.98 299.98
0 1184.50875 2157.50875 349.98 430.98
0 1740.50875 2474.50875 195.98000000000002 261.98
0 1983.50875 2332.50875 316.98 305.98
0 2627.50875 2553.50875 206.98000000000002 170.98
