0 134.508125 0.508125 227.98125000000002 104.97875
0 369.50875 77.50875 227.98000000000002 259.98
0 864.50875 41.50875 177.98 231.98000000000002
0 1395.50875 41.50875 134.98 316.98
0 1722.50875 219.508125 192.98000000000002 213.98125000000002
0 2496.50875 98.50875 248.98000000000002 266.98
0 2913.50875 94.50875 156.98 267.98
0 138.50875 497.50875 301.98 241.98000000000002
0 657.50875 376.50875 217.98000000000002 255.98000000000002
0 957.50875 468.50875 233.98000000000002 317.98
0 1822.50875 493.50875 92.98 160.98
0 2171.50875 518.50875 249.98000000000002 291.98
0 2681.50875 486.50875 263.98 242.98000000000002
0 3294.50875 544.50875 180.98 173.98
0 241.508125 839.50875 202.98125000000002 206.98000000000002
0 205.508125 1145.50875 166.98125000000002 156.98
0 544.50875 921.50875 273.98 209.98000000000002
0 1259.50875 1024.50875 224.98000000000002 227.98000000000002
0 1569.50875 943.50875 209.98000000000002 169.98
0 2492.50875 986.5087500000001 163.98 187.98
0 2642.50875 1152.50875 148.98 185.98
0 3443.50875 942.50875 204.98000000000002 224.98000000000002
0 212.508125 1601.50875 238.98125000000002 185.98
0 875.50875 1430.50875 384.98 227.98000000000002
0 1769.50875 1384.50875 113.98 209.98000000000002
0 2246.50875 1765.50875 320.98 224.98000000000002
0 2724.50875 1719.50875 305.98 280.98
0 565.50875 2150.50875 333.98 309.98
0 1181.50875 2207.50875 341.98 434.98
0 1762.50875 2488.50875 177.98 192.98000000000002
0 1979.50875 2356.50875 330.98 313.98
0 2624.50875 2574.50875 213.98000000000002 141.98
0 3286.50875 2318.50875 361.98 373.98
