0 290.50875 355.50875 149.98 199.98000000000002
0 1215.50875 1366.50875 203.98000000000002 221.98000000000002
0 629.50875 1534.50875 239.98000000000002 256.98
0 108.50875 920.50875 224.98000000000002 217.98000000000002
0 2140.50875 895.50875 188.98 206.98000000000002
0 2204.50875 41.50875 107.98 153.98
0 3001.50875 595.50875 170.98 152.98
0 3022.50875 752.50875 156.98 135.98
0 3026.50875 1691.50875 192.98000000000002 139.98
0 2458.50875 1945.50875 92.98 95.98
0 211.50875 1189.50875 94.98 114.98
0 1096.50875 52.50875 57.980000000000004 126.98
