0 283.50875 370.50875 167.98 206.98000000000002
0 1194.50875 1398.50875 199.98000000000002 207.98000000000002
0 2172.50875 945.50875 189.98 152.98
0 183.508125 1573.50875 167.98125000000002 146.98
0 68.50875 2306.50875 214.98000000000002 224.98000000000002
0 2440.50875 1941.50875 149.98 124.98
0 3083.50875 2109.50875 128.98 135.98
0 2547.50875 324.50875 174.98 234.98000000000002
0 633.50875 1552.50875 227.98000000000002 295.98
0 3230.50875 659.50875 145.98 188.98
0 3040.50875 613.50875 153.98 166.98
0 72.50875 684.50875 242.98000000000002 181.98
0 2829.50875 1230.50875 114.98 114.98
0 181.508125 112.50875 75.98125 124.98
0 0.50875 578.50875 43.980000000000004 90.98
