0 1188.50875 1730.50875 405.98 412.98
0 169.508125 2314.50875 234.98125000000002 230.98000000000002
0 337.50875 1242.50875 277.98 212.98000000000002
0 1135.50875 1327.50875 291.98 209.98000000000002
0 1683.50875 1102.50875 188.98 196.98000000000002
0 615.50875 554.50875 362.98 369.98
0 2047.50875 857.50875 212.98000000000002 173.98
0 2228.50875 1092.50875 245.98000000000002 295.98
0 2531.50875 340.508125 412.98 452.98125
0 3340.50875 707.50875 307.98 209.98000000000002
0 2524.50875 1993.50875 199.98000000000002 188.98
0 1252.50875 265.50875 220.98000000000002 124.98
0 3226.50875 41.50875 238.98000000000002 209.98000000000002
0 1779.50875 493.50875 242.98000000000002 227.98000000000002
0 1975.50875 226.508125 217.98000000000002 234.98125000000002
0 2706.50875 144.508125 237.98000000000002 259.98125
0 479.50875 297.50875 142.98 153.98
0 87.50875 130.508125 124.98 181.98125000000002
0 1708.50875 0.50875 174.98 211.98000000000002
0 3554.50875 1416.50875 93.98 99.98
0 2218.50875 159.508125 106.98 216.98125000000002
0 1391.50875 0.50875 160.98 63.980000000000004
0 0.50875 672.50875 128.98 111.98
