0 2013.50875 1387.50875 252.98000000000002 176.98
0 1830.50875 2296.50875 182.98 144.98
0 3333.50875 2079.50875 184.98 143.98
0 3424.50875 1281.50875 93.98 184.98
0 1949.50875 751.50875 80.98 164.98
0 1572.50875 860.50875 189.98 189.98
0 706.50875 1367.50875 113.98 153.98
0 336.50875 1113.50875 128.98 189.98
0 711.50875 921.50875 100.98 146.98
0 936.50875 2264.50875 219.98000000000002 204.98000000000002
0 133.508125 680.50875 184.98125000000002 207.98000000000002
0 399.50875 252.508125 138.98 225.98125000000002
0 1719.50875 52.50875 123.98 126.98
0 1410.50875 214.508125 151.98 222.98125000000002
0 2973.50875 103.50875 128.98 222.98000000000002
0 3145.50875 239.508125 83.98 156.98125000000002
0 2676.50875 812.50875 93.98 171.98
0 1020.5087500000001 956.50875 62.980000000000004 75.98
0 1192.50875 0.508125 65.98 84.97875
