0 165.508125 102.508125 113.98125 167.98125000000002
0 940.50875 595.50875 228.98000000000002 220.98000000000002
0 1058.50875 63.50875 85.98 141.98
0 1.508125 813.50875 95.97875 138.98
0 201.508125 1588.50875 170.98125000000002 106.98
0 1897.50875 1966.50875 221.98000000000002 228.98000000000002
0 1879.50875 1134.50875 149.98 156.98
0 1336.50875 1438.50875 174.98 206.98000000000002
0 2533.50875 327.50875 185.98 206.98000000000002
0 2183.50875 916.50875 178.98 185.98
0 629.50875 1531.50875 239.98000000000002 291.98
0 3540.50875 2195.50875 71.98 106.98
0 3015.50875 816.50875 153.98 128.98
0 3226.50875 677.50875 131.98 177.98
0 0.50875 198.508125 43.980000000000004 102.98125
0 3422.50875 1672.50875 157.98 75.98
0 442.50875 444.50875 81.98 136.98
