0 140.508125 55.50875 117.98125 185.98
0 51.50875 727.50875 199.98000000000002 124.98
0 51.50875 945.50875 188.98 159.98
0 51.50875 2302.50875 224.98000000000002 220.98000000000002
0 904.50875 605.50875 235.98000000000002 189.98
0 1283.50875 402.50875 149.98 170.98
0 1311.50875 1452.50875 174.98 210.98000000000002
0 1862.50875 1137.50875 134.98 157.98
0 2451.50875 623.50875 135.98 231.98000000000002
0 2147.50875 5.50875 131.98 164.98
0 3029.50875 1706.50875 167.98 156.98
0 3319.50875 1138.50875 160.98 131.98
0 3058.50875 116.50875 113.98 103.98
0 3155.50875 655.50875 113.98 178.98
0 122.50875 1148.50875 149.98 142.98
0 3081.50875 2101.50875 99.98 145.98
0 1968.50875 198.508125 48.980000000000004 114.98125
