0 261.50875 263.508125 142.98 224.98125000000002
0 18.50875 905.50875 221.98000000000002 182.98
0 143.508125 1541.50875 185.98125000000002 139.98
0 1.50875 2234.50875 224.98000000000002 221.98000000000002
0 1204.50875 1463.50875 174.98 199.98000000000002
0 1265.50875 359.50875 156.98 174.98
0 1729.50875 1934.50875 228.98000000000002 210.98000000000002
0 1808.50875 1120.50875 138.98 145.98
0 2151.50875 9.508750000000001 117.98 167.98
0 2394.50875 580.50875 152.98 207.98000000000002
0 2976.50875 1694.50875 145.98 146.98
0 3169.50875 1045.50875 156.98 145.98
0 3015.50875 585.50875 181.98 159.98
0 3583.50875 216.508125 64.98 256.98125
0 2765.50875 1116.50875 99.98 131.98
