0 244.508125 0.508125 234.98125000000002 111.97875
0 0.50875 1003.5087500000001 253.98000000000002 309.98
0 582.50875 1227.50875 334.98 359.98
0 351.50875 1844.50875 266.98 294.98
0 1352.50875 1826.50875 252.98000000000002 348.98
0 1131.50875 162.508125 302.98 320.98125
0 1641.50875 20.50875 362.98 366.98
0 2446.50875 1405.50875 334.98 299.98
0 2777.50875 2186.50875 352.98 191.98000000000002
0 2638.50875 1245.50875 398.98 245.98000000000002
0 3340.50875 2118.50875 307.98 305.98
0 3041.50875 233.508125 269.98 430.98125
0 129.50875 331.50875 267.98 182.98
0 0.508125 359.50875 86.97875 172.98
0 2324.50875 0.50875 200.98000000000002 200.98000000000002
0 2853.50875 578.50875 105.98 117.98
0 3507.50875 1049.50875 140.98 181.98
0 2586.50875 213.508125 163.98 215.98125000000002
