0 261.50875 363.50875 171.98 166.98
0 43.50875 681.50875 207.98000000000002 152.98
0 79.50875 895.50875 192.98000000000002 188.98
0 165.508125 1577.50875 181.98125000000002 110.98
0 622.50875 1513.50875 235.98000000000002 284.98
0 1301.50875 338.50875 163.98 245.98000000000002
0 1219.50875 1359.50875 224.98000000000002 213.98000000000002
0 1883.50875 1952.50875 238.98000000000002 242.98000000000002
0 1804.50875 430.50875 96.98 174.98
0 2447.50875 595.50875 135.98 199.98000000000002
0 2154.50875 1527.50875 135.98 117.98
0 3029.50875 1673.50875 146.98 178.98
0 2944.50875 691.50875 167.98 231.98000000000002
0 3190.50875 602.50875 203.98000000000002 192.98000000000002
0 3372.50875 1102.50875 185.98 163.98
0 3433.50875 2127.50875 153.98 156.98
0 2508.50875 295.50875 220.98000000000002 217.98000000000002
0 1319.50875 1166.50875 95.98 153.98
0 422.50875 409.50875 117.98 160.98
0 1148.50875 2645.50875 148.98 90.98
0 2321.50875 356.50875 81.98 151.98
