0 129.508125 52.50875 121.98125 181.98
0 8.508750000000001 638.50875 252.98000000000002 181.98
0 0.50875 759.50875 81.9775 220.98000000000002
0 165.508125 1570.50875 177.98125000000002 124.98
0 43.50875 2313.50875 224.98000000000002 184.98
0 886.50875 588.50875 253.98000000000002 195.98000000000002
0 1276.50875 330.50875 181.98 185.98
0 1219.50875 1355.50875 199.98000000000002 178.98
0 951.50875 1105.50875 88.98 128.98
0 1776.50875 448.50875 142.98 153.98
0 2154.50875 0.508125 124.98 125.97875
0 2133.50875 1506.50875 160.98 120.98
0 2451.50875 1881.50875 181.98 156.98
0 2408.50875 538.50875 178.98 227.98000000000002
0 2969.50875 709.50875 184.98 203.98000000000002
0 3112.50875 9.508750000000001 134.98 170.98
0 3472.50875 1659.50875 171.98 142.98
0 3222.50875 602.50875 189.98 224.98000000000002
0 3447.50875 2117.50875 189.98 148.98
0 1315.50875 1152.50875 92.98 167.98
0 1242.50875 1955.50875 63.980000000000004 93.98
0 2315.50875 344.50875 96.98 202.98000000000002
