0 97.508125 41.50875 131.98125 153.98
0 8.508750000000001 605.50875 220.98000000000002 178.98
0 101.508125 1059.50875 184.98125000000002 170.98
0 4.50875 2223.50875 196.98000000000002 207.98000000000002
0 1226.50875 1338.50875 195.98000000000002 217.98000000000002
0 872.50875 598.50875 246.98000000000002 189.98
0 1026.50875 0.50875 127.98 128.98
0 1837.50875 1055.50875 170.98 160.98
0 2158.50875 855.50875 170.98 167.98
0 1761.50875 402.50875 146.98 220.98000000000002
0 2147.50875 0.508125 124.98 114.97875
0 2987.50875 1649.50875 191.98000000000002 213.98000000000002
0 3412.50875 1627.50875 195.98000000000002 138.98
0 3197.50875 663.50875 171.98 156.98
0 3001.50875 570.50875 188.98 181.98
0 3251.50875 548.50875 138.98 135.98
0 1222.50875 1927.50875 71.98 124.98
0 3430.50875 2070.50875 116.98 192.98000000000002
0 2290.50875 348.50875 113.98 199.98000000000002
0 958.50875 1095.50875 95.98 159.98
0 0.508125 2605.50875 104.97875 109.98
0 1309.50875 918.50875 63.980000000000004 124.98
