0 104.508125 38.50875 149.98125000000002 166.98
0 36.50875 570.50875 214.98000000000002 195.98000000000002
0 83.50875 863.50875 206.98000000000002 199.98000000000002
0 158.508125 1527.50875 202.98125000000002 131.98
0 43.50875 2288.50875 217.98000000000002 199.98000000000002
0 1344.50875 1406.50875 159.98 209.98000000000002
0 1076.50875 270.50875 99.98 188.98
0 1301.50875 334.50875 152.98 159.98
0 1990.50875 152.508125 103.98 163.98125000000002
0 2037.50875 9.508750000000001 145.98 113.98
0 1854.50875 1059.50875 164.98 178.98
0 1887.50875 1941.50875 202.98000000000002 246.98000000000002
0 3026.50875 1645.50875 195.98000000000002 213.98000000000002
0 2404.50875 538.50875 164.98 227.98000000000002
0 2515.50875 284.50875 203.98000000000002 217.98000000000002
0 3347.50875 1077.50875 221.98000000000002 170.98
0 3469.50875 2084.50875 167.98 170.98
0 3247.50875 662.50875 174.98 142.98
0 3040.50875 563.50875 167.98 170.98
0 947.50875 1102.50875 92.98 131.98
0 0.508125 2581.50875 113.97875 121.98
0 1300.50875 909.50875 56.980000000000004 118.98
0 1242.50875 1949.50875 63.980000000000004 99.98
