0 90.508125 26.50875 135.98125 175.98
0 58.50875 614.50875 175.98 183.98
0 98.508125 1050.50875 175.98125000000002 195.98000000000002
0 0.50875 2010.50875 155.98 115.98
0 2.50875 2562.50875 147.98 155.98
0 886.50875 578.50875 251.98000000000002 211.98000000000002
0 1006.5087500000001 142.50875 167.98 327.98
0 1262.50875 326.50875 207.98000000000002 171.98
0 1254.50875 1334.50875 223.98000000000002 199.98000000000002
0 1190.50875 1946.50875 131.98 127.98
0 926.50875 1082.50875 115.98 131.98
0 1174.50875 630.50875 99.98 171.98
0 1938.50875 90.50875 163.98 191.98000000000002
0 2174.50875 0.50875 139.98 131.98
0 2522.50875 298.50875 235.98000000000002 191.98000000000002
0 2170.50875 890.50875 195.98000000000002 171.98
0 2110.50875 1454.50875 235.98000000000002 167.98
0 2462.50875 1894.50875 183.98 179.98
0 3074.50875 2114.50875 219.98000000000002 131.98
0 2870.50875 1150.50875 167.98 139.98
0 3022.50875 570.50875 183.98 187.98
0 3302.50875 546.50875 119.98 123.98
0 3370.50875 1094.50875 195.98000000000002 163.98
0 3466.50875 2082.50875 181.98 191.98000000000002
0 409.50875 368.50875 69.98 151.98
0 1351.50875 347.50875 121.98 123.98
0 3586.50875 374.50875 61.980000000000004 111.98
0 831.50875 2380.50875 88.98 69.98
