0 2003.50875 1372.50875 267.98 182.98
0 3414.50875 1245.50875 100.98 194.98000000000002
0 2380.50875 1975.50875 118.98 244.98000000000002
0 1856.50875 2238.50875 176.98 151.98
0 305.50875 2383.50875 237.98000000000002 173.98
0 399.50875 1397.50875 192.98000000000002 223.98000000000002
0 673.50875 1397.50875 156.98 174.98
0 1764.50875 832.50875 172.98 197.98000000000002
0 2231.50875 761.50875 85.98 194.98000000000002
0 2626.50875 756.50875 93.98 189.98
0 3272.50875 820.50875 55.980000000000004 105.98
0 931.50875 918.50875 98.98 111.98
0 422.50875 936.50875 148.98 252.98000000000002
0 419.50875 338.50875 144.98 225.98000000000002
0 1159.50875 209.508125 108.98 260.98125
0 1390.50875 215.508125 163.98 224.98125000000002
0 35.50875 110.508125 103.98 174.98125000000002
0 2727.50875 146.508125 108.98 199.98125000000002
0 3130.50875 184.508125 100.98 176.98125000000002
0 1156.50875 0.508125 91.98 91.97875
0 1590.50875 812.50875 211.98000000000002 214.98000000000002
