0 70.50875 6.50875 171.98 199.98000000000002
0 2.50875 578.50875 203.98000000000002 187.98
0 66.50875 998.5087500000001 183.98 223.98000000000002
0 2.50875 2226.50875 251.98000000000002 223.98000000000002
0 866.50875 554.50875 239.98000000000002 223.98000000000002
0 986.5087500000001 0.508125 131.98 89.97875
0 1106.50875 562.50875 115.98 199.98000000000002
0 910.50875 1058.50875 115.98 155.98
0 1230.50875 1290.50875 211.98000000000002 227.98000000000002
0 1126.50875 1890.50875 143.98 135.98
0 2202.50875 2218.50875 115.98 131.98
0 2350.50875 1686.50875 191.98000000000002 179.98
0 1846.50875 954.50875 163.98 259.98
0 1758.50875 278.508125 127.98 247.98125000000002
0 2274.50875 226.508125 135.98 295.98125
0 2506.50875 270.508125 255.98000000000002 215.98125000000002
0 2934.50875 534.50875 203.98000000000002 223.98000000000002
0 3290.50875 362.50875 119.98 207.98000000000002
0 3290.50875 990.5087500000001 203.98000000000002 183.98
0 2842.50875 1374.50875 139.98 131.98
0 3398.50875 1438.50875 249.98000000000002 187.98
0 3058.50875 1990.50875 163.98 163.98
0 2274.50875 946.50875 87.98 183.98
0 3510.50875 1910.50875 135.98 107.98
0 0.50875 2432.50875 128.98 178.98
0 1154.50875 2161.50875 56.980000000000004 85.98
0 357.50875 283.50875 115.98 202.98000000000002
0 0.50875 742.50875 55.980000000000004 148.98
