0 82.508125 6.50875 163.98125000000002 175.98
0 190.508125 314.50875 199.98125000000002 199.98000000000002
0 0.508125 730.50875 87.97875 175.98
0 98.508125 1026.50875 179.98125000000002 219.98000000000002
0 662.50875 1506.50875 219.98000000000002 303.98
0 6.50875 2490.50875 171.98 203.98000000000002
0 978.50875 54.50875 119.98 223.98000000000002
0 1298.50875 298.50875 175.98 227.98000000000002
0 1138.50875 526.50875 119.98 215.98000000000002
0 902.50875 1078.50875 111.98 151.98
0 1306.50875 1310.50875 175.98 207.98000000000002
0 1134.50875 1902.50875 151.98 159.98
0 1950.50875 1974.50875 195.98000000000002 231.98000000000002
0 1766.50875 290.508125 171.98 299.98125
0 2162.50875 0.50875 143.98 127.98
0 2322.50875 222.508125 123.98 275.98125
0 2194.50875 874.50875 167.98 183.98
0 2142.50875 1410.50875 215.98000000000002 207.98000000000002
0 2194.50875 2298.50875 155.98 127.98
0 3058.50875 1982.50875 175.98 131.98
0 2922.50875 1406.50875 115.98 127.98
0 2546.50875 254.508125 219.98000000000002 231.98125000000002
0 3138.50875 0.508125 139.98 103.97875
0 3030.50875 530.50875 163.98 163.98
0 3290.50875 638.50875 155.98 191.98000000000002
0 3514.50875 1610.50875 133.98 207.98000000000002
0 1738.50875 1914.50875 103.98 103.98
0 3554.50875 1958.50875 93.98 123.98
0 1014.5087500000001 0.508125 120.98 108.97875
0 1336.50875 307.50875 130.98 184.98
0 2288.50875 1490.50875 96.98 157.98
