0 78.508125 6.50875 147.98125000000002 159.98
0 6.50875 582.50875 215.98000000000002 187.98
0 70.50875 874.50875 239.98000000000002 227.98000000000002
0 98.50875 1502.50875 219.98000000000002 151.98
0 1266.50875 1334.50875 215.98000000000002 219.98000000000002
0 1158.50875 1918.50875 139.98 147.98
0 74.50875 2330.50875 215.98000000000002 191.98000000000002
0 274.50875 0.50875 143.98 71.9775
0 1046.50875 206.508125 119.98 179.98125000000002
0 890.50875 566.50875 223.98000000000002 215.98000000000002
0 1222.50875 794.50875 167.98 207.98000000000002
0 1274.50875 1058.50875 175.98 199.98000000000002
0 1778.50875 282.508125 155.98 319.98125
0 1938.50875 0.50875 195.98000000000002 63.980000000000004
0 2190.50875 186.508125 95.98 143.98125000000002
0 2370.50875 574.50875 163.98 243.98000000000002
0 2338.50875 990.5087500000001 127.98 163.98
0 1950.50875 1990.50875 199.98000000000002 207.98000000000002
0 2206.50875 2294.50875 143.98 151.98
0 3086.50875 1990.50875 147.98 123.98
0 2910.50875 1418.50875 135.98 131.98
0 2554.50875 270.508125 207.98000000000002 215.98125000000002
0 2894.50875 362.50875 91.98 155.98
0 3038.50875 0.50875 95.98 151.98
0 3034.50875 538.50875 175.98 155.98
0 3290.50875 634.50875 167.98 191.98000000000002
0 3514.50875 1626.50875 133.98 187.98
0 3558.50875 1950.50875 89.98 151.98
0 1018.5087500000001 0.508125 119.98 87.97875
0 0.508125 596.50875 89.97875 127.98
0 415.50875 337.50875 69.98 142.98
