0 63.50875 21.50875 158.98 179.98
0 229.508125 417.50875 156.98125000000002 148.98
0 24.50875 647.50875 232.98000000000002 169.98
0 98.50875 939.50875 211.98000000000002 176.98
0 130.508125 1547.50875 192.98125000000002 156.98
0 87.50875 2362.50875 192.98000000000002 189.98
0 1197.50875 1957.50875 105.98 123.98
0 1359.50875 1471.50875 151.98 191.98000000000002
0 883.50875 612.50875 219.98000000000002 194.98000000000002
0 961.50875 98.50875 131.98 214.98000000000002
0 1009.5087500000001 0.508125 136.98 113.97875
0 1337.50875 356.50875 125.98 141.98
0 1301.50875 1055.50875 164.98 202.98000000000002
0 2203.50875 906.50875 158.98 158.98
0 1785.50875 318.50875 123.98 191.98000000000002
0 1939.50875 0.508125 176.98 99.97875
0 2175.50875 257.50875 108.98 131.98
0 2365.50875 655.50875 164.98 199.98000000000002
0 2134.50875 1443.50875 227.98000000000002 189.98
0 1944.50875 2028.50875 202.98000000000002 207.98000000000002
0 2198.50875 2401.50875 125.98 148.98
0 2492.50875 1939.50875 176.98 159.98
0 2897.50875 1192.50875 151.98 143.98
0 3018.50875 587.50875 164.98 148.98
0 2588.50875 320.50875 189.98 205.98000000000002
0 3013.50875 90.508125 108.98 176.98125000000002
0 3317.50875 579.50875 131.98 141.98
0 3388.50875 1124.50875 184.98 163.98
0 3112.50875 2048.50875 154.98 106.98
0 3480.50875 2160.50875 167.98 171.98
0 3533.50875 1742.50875 114.98 189.98
0 0.50875 2079.50875 64.9775 127.98
