0 77.508125 6.50875 154.98125000000002 197.98000000000002
0 212.508125 379.50875 178.98125000000002 151.98
0 9.508750000000001 599.50875 232.98000000000002 187.98
0 67.50875 903.50875 214.98000000000002 189.98
0 103.50875 1521.50875 214.98000000000002 149.98
0 70.50875 2342.50875 199.98000000000002 192.98000000000002
0 764.50875 2261.50875 128.98 121.98
0 1167.50875 1960.50875 140.98 118.98
0 1279.50875 1341.50875 213.98000000000002 192.98000000000002
0 903.50875 1093.50875 116.98 136.98
0 1037.50875 201.508125 121.98 210.98125000000002
0 1303.50875 313.50875 162.98 278.98
0 1810.50875 290.50875 133.98 194.98000000000002
0 2117.50875 1463.50875 239.98000000000002 181.98
0 1706.50875 1884.50875 128.98 145.98
0 1881.50875 2403.50875 105.98 120.98
0 2484.50875 1881.50875 189.98 156.98
0 2846.50875 1131.50875 189.98 151.98
0 2380.50875 609.50875 121.98 227.98000000000002
0 2175.50875 199.508125 126.98 158.98125000000002
0 1924.50875 60.50875 197.98000000000002 186.98
0 1995.50875 0.508125 146.98 83.97875
0 1222.50875 822.50875 167.98 214.98000000000002
0 3082.50875 2157.50875 212.98000000000002 154.98
0 3051.50875 1681.50875 179.98 186.98
0 3363.50875 1103.50875 204.98000000000002 154.98
0 2897.50875 351.50875 100.98 158.98
0 2948.50875 700.50875 191.98000000000002 222.98000000000002
0 3315.50875 521.50875 128.98 158.98
0 3051.50875 0.50875 124.98 184.98
0 3561.50875 47.50875 86.98 133.98
0 3543.50875 2003.50875 104.98 151.98
0 1356.50875 340.50875 111.98 128.98
