0 223.508125 0.508125 230.98125000000002 118.97875
0 0.50875 1160.50875 221.98000000000002 234.98000000000002
0 536.50875 1274.50875 288.98 333.98
0 832.50875 194.508125 262.98 231.98125000000002
0 294.508125 1929.50875 280.98125 284.98
0 1334.50875 1833.50875 270.98 330.98
0 1605.50875 20.50875 363.98 430.98
0 2674.50875 148.50875 223.98000000000002 302.98
0 3183.50875 754.50875 284.98 330.98
0 2638.50875 1245.50875 408.98 245.98000000000002
0 2702.50875 1922.50875 252.98000000000002 252.98000000000002
0 3433.50875 1833.50875 214.98000000000002 277.98
0 439.50875 389.50875 109.98 203.98000000000002
0 1673.50875 0.508125 203.98000000000002 124.97875
0 2801.50875 575.50875 173.98 114.98
0 2221.50875 1365.50875 72.98 169.98
0 1695.50875 538.50875 72.98 154.98
0 90.50875 1015.5087500000001 93.98 133.98
