0 98.508125 29.50875 133.98125 159.98
0 204.508125 369.50875 181.98125000000002 143.98
0 4.50875 604.50875 234.98000000000002 179.98
0 62.50875 898.50875 217.98000000000002 192.98000000000002
0 113.508125 1514.50875 209.98125000000002 146.98
0 1179.50875 1939.50875 154.98 134.98
0 764.50875 2258.50875 125.98 121.98
0 0.508125 2018.50875 115.97875 156.98
0 1944.50875 2028.50875 205.98000000000002 209.98000000000002
0 2213.50875 2342.50875 133.98 143.98
0 1288.50875 1336.50875 184.98 197.98000000000002
0 896.50875 1088.50875 113.98 151.98
0 918.50875 584.50875 210.98000000000002 186.98
0 1301.50875 303.50875 161.98 275.98
0 987.5087500000001 67.50875 138.98 245.98000000000002
0 1868.50875 1045.50875 174.98 194.98000000000002
0 2231.50875 1534.50875 138.98 141.98
0 2370.50875 607.50875 131.98 229.98000000000002
0 2319.50875 239.508125 121.98 283.98125
0 1825.50875 277.50875 118.98 189.98
0 1912.50875 52.50875 209.98000000000002 174.98
0 1979.50875 0.50875 151.98 70.9775
0 2915.50875 341.50875 105.98 161.98
0 3049.50875 0.50875 128.98 182.98
0 3026.50875 548.50875 159.98 154.98
0 3320.50875 505.50875 138.98 162.98
0 3358.50875 1098.50875 214.98000000000002 149.98
0 2915.50875 1417.50875 146.98 106.98
0 3525.50875 1643.50875 122.98 181.98
0 3553.50875 1982.50875 94.98 151.98
0 3087.50875 2000.50875 158.98 103.98
0 2489.50875 1873.50875 192.98000000000002 159.98
0 1314.50875 343.50875 145.98 136.98
