0 87.508125 0.50875 149.98125000000002 175.98
0 298.50875 0.508125 130.98 104.97875
0 383.50875 362.50875 116.98 155.98
0 0.508125 761.50875 94.97875 159.98
0 141.508125 1063.50875 155.98125000000002 217.98000000000002
0 0.508125 2000.50875 119.97875 170.98
0 686.50875 1548.50875 184.98 270.98
0 1138.50875 2072.50875 167.98 177.98
0 896.50875 1092.50875 113.98 127.98
0 1000.5087500000001 55.50875 162.98 334.98
0 1345.50875 294.508125 130.98 270.98125
0 1245.50875 814.50875 181.98 209.98000000000002
0 1295.50875 1327.50875 170.98 202.98000000000002
0 1769.50875 358.50875 134.98 248.98000000000002
0 1990.50875 0.508125 141.98 83.97875
0 2182.50875 0.50875 120.98 129.98
0 2331.50875 233.508125 124.98 281.98125
0 2193.50875 882.50875 166.98 159.98
0 2567.50875 273.50875 194.98000000000002 209.98000000000002
0 2143.50875 1452.50875 223.98000000000002 180.98
0 1741.50875 1854.50875 152.98 160.98
0 1862.50875 2363.50875 162.98 132.98
0 2193.50875 2328.50875 159.98 149.98
0 3058.50875 0.50875 135.98 190.98
0 3564.50875 12.508750000000001 83.98 138.98
0 3026.50875 529.50875 156.98 167.98
0 3269.50875 639.50875 152.98 174.98
0 2849.50875 1120.50875 191.98000000000002 153.98
0 2898.50875 1398.50875 156.98 138.98
0 3066.50875 1676.50875 170.98 174.98
0 3101.50875 1993.50875 174.98 113.98
0 3084.50875 2143.50875 219.98000000000002 152.98
0 0.508125 2529.50875 122.97875 206.98000000000002
