0 282.50875 490.50875 159.98 194.98000000000002
0 285.50875 842.50875 57.980000000000004 108.98
0 1032.50875 148.508125 83.98 166.98125000000002
0 1511.50875 186.508125 113.98 164.98125000000002
0 1015.5087500000001 647.50875 282.98 288.98
0 939.50875 1065.50875 105.98 161.98
0 1194.50875 1364.50875 271.98 174.98
0 1509.50875 873.50875 80.98 113.98
0 1600.50875 1288.50875 141.98 202.98000000000002
0 2988.50875 452.50875 90.98 133.98
0 3502.50875 503.50875 145.98 161.98
0 3198.50875 566.50875 164.98 169.98
0 3112.50875 1078.50875 197.98000000000002 194.98000000000002
0 2575.50875 1324.50875 108.98 123.98
0 2190.50875 1253.50875 161.98 189.98
0 1835.50875 706.50875 141.98 191.98000000000002
0 2972.50875 1943.50875 126.98 90.98
0 2956.50875 1450.50875 60.980000000000004 99.98
0 2330.50875 1447.50875 124.98 93.98
