0 80.508125 0.50875 152.98125000000002 172.98
0 287.50875 0.508125 137.98 104.97875
0 359.50875 362.50875 141.98 152.98
0 0.508125 753.50875 86.97875 159.98
0 145.508125 1053.50875 162.98125000000002 209.98000000000002
0 0.508125 1996.50875 115.97875 160.98
0 675.50875 1544.50875 188.98 192.98000000000002
0 1038.50875 0.508125 121.98 111.97875
0 924.50875 575.50875 203.98000000000002 210.98000000000002
0 1241.50875 810.50875 163.98 217.98000000000002
0 1277.50875 1035.50875 163.98 223.98000000000002
0 1338.50875 1430.50875 152.98 227.98000000000002
0 1135.50875 2068.50875 159.98 156.98
0 1769.50875 354.50875 131.98 252.98000000000002
0 1933.50875 27.50875 205.98000000000002 194.98000000000002
0 2168.50875 151.508125 145.98 188.98125000000002
0 2324.50875 226.508125 120.98 277.98125
0 2178.50875 878.50875 181.98 163.98
0 2367.50875 953.50875 113.98 177.98
0 2250.50875 1494.50875 116.98 135.98
0 1961.50875 2015.50875 195.98000000000002 212.98000000000002
0 1854.50875 2367.50875 120.98 124.98
0 2563.50875 279.50875 195.98000000000002 203.98000000000002
0 3030.50875 540.50875 149.98 127.98
0 3051.50875 0.50875 131.98 172.98
0 3325.50875 472.50875 128.98 166.98
0 2944.50875 643.50875 160.98 266.98
0 3365.50875 1081.50875 230.98000000000002 178.98
0 3440.50875 1373.50875 170.98 128.98
0 3532.50875 1634.50875 115.98 166.98
0 3554.50875 1972.50875 93.98 138.98
0 3508.50875 2082.50875 139.98 177.98
