0 956.50875 1260.50875 235.98000000000002 248.98000000000002
0 369.50875 1227.50875 196.98000000000002 235.98000000000002
0 396.50875 804.50875 265.98 237.98000000000002
0 934.50875 865.50875 135.98 133.98
0 1582.50875 809.50875 209.98000000000002 179.98
0 1911.50875 683.50875 151.98 189.98
0 2576.50875 706.50875 110.98 153.98
0 3021.50875 675.50875 204.98000000000002 227.98000000000002
0 2375.50875 1939.50875 121.98 242.98000000000002
0 1851.50875 2256.50875 186.98 133.98
0 257.508125 2221.50875 265.98125 204.98000000000002
0 1144.50875 156.508125 131.98 257.98125
0 1395.50875 250.50875 161.98 153.98
0 1985.50875 1364.50875 313.98 189.98
0 3292.50875 1970.50875 230.98000000000002 232.98000000000002
0 3297.50875 731.50875 95.98 164.98
0 2948.50875 54.50875 163.98 255.98000000000002
0 2215.50875 186.508125 210.98000000000002 250.98125000000002
0 665.50875 209.508125 143.98 217.98125000000002
0 0.508125 98.508125 109.97875 133.98125
0 3353.50875 424.50875 108.98 106.98
0 1729.50875 0.50875 128.98 135.98
0 3234.50875 1362.50875 85.98 128.98
0 2618.50875 2233.50875 63.980000000000004 83.98
