0 87.508125 0.50875 138.98125000000002 165.98
0 280.50875 0.508125 138.98 86.97875
0 365.50875 351.50875 127.98 166.98
0 0.50875 750.50875 79.9775 170.98
0 141.508125 1071.50875 173.98125000000002 198.98000000000002
0 0.508125 1982.50875 122.97875 163.98
0 693.50875 1548.50875 180.98 259.98
0 896.50875 1092.50875 117.98 131.98
0 989.5087500000001 65.50875 127.98 217.98000000000002
0 1010.5087500000001 0.508125 145.98 97.97875
0 1167.50875 1929.50875 134.98 113.98
0 1284.50875 1031.50875 167.98 220.98000000000002
0 1341.50875 301.50875 110.98 252.98000000000002
0 1341.50875 1445.50875 149.98 205.98000000000002
0 1730.50875 1861.50875 152.98 117.98
0 1869.50875 2346.50875 113.98 120.98
0 1776.50875 376.50875 134.98 227.98000000000002
0 1961.50875 0.50875 138.98 58.980000000000004
0 2175.50875 0.508125 124.98 122.97875
0 2196.50875 881.50875 167.98 163.98
0 2356.50875 572.50875 146.98 223.98000000000002
0 2154.50875 1448.50875 209.98000000000002 167.98
0 2510.50875 1843.50875 173.98 156.98
0 2560.50875 269.50875 184.98 206.98000000000002
0 3048.50875 0.50875 113.98 161.98
0 3564.50875 5.50875 83.98 156.98
0 3030.50875 508.50875 156.98 163.98
0 2948.50875 629.50875 188.98 270.98
0 2856.50875 1110.50875 187.98 148.98
0 2909.50875 1384.50875 142.98 131.98
0 3062.50875 1669.50875 177.98 184.98
0 3112.50875 1986.50875 166.98 113.98
0 3087.50875 2143.50875 223.98000000000002 145.98
0 0.508125 2523.50875 113.97875 212.98000000000002
