0 91.508125 0.50875 133.98125 165.98
0 297.50875 0.50875 142.98 65.9775
0 269.50875 315.50875 135.98 170.98
0 0.508125 750.50875 90.97875 156.98
0 138.508125 1049.50875 162.98125000000002 202.98000000000002
0 700.50875 1530.50875 177.98 263.98
0 63.50875 2332.50875 202.98000000000002 188.98
0 1160.50875 1918.50875 155.98 121.98
0 1324.50875 1313.50875 187.98 195.98000000000002
0 935.50875 543.50875 199.98000000000002 217.98000000000002
0 1006.5087500000001 41.50875 145.98 209.98000000000002
0 1327.50875 276.50875 134.98 159.98
0 1156.50875 501.50875 124.98 202.98000000000002
0 1295.50875 1014.5087500000001 160.98 223.98000000000002
0 2203.50875 2296.50875 149.98 159.98
0 1773.50875 1847.50875 148.98 145.98
0 1819.50875 226.508125 123.98 195.98125000000002
0 1975.50875 0.50875 174.98 200.98000000000002
0 2186.50875 0.508125 127.98 108.97875
0 2325.50875 194.508125 119.98 281.98125
0 2200.50875 860.50875 159.98 163.98
0 2150.50875 1437.50875 213.98000000000002 170.98
0 2560.50875 251.508125 184.98 206.98125000000002
0 3568.50875 0.50875 79.98 151.98
0 3058.50875 4.50875 124.98 147.98
0 3329.50875 422.50875 139.98 188.98
0 2962.50875 643.50875 191.98000000000002 212.98000000000002
0 2873.50875 1088.50875 163.98 153.98
0 2905.50875 1392.50875 145.98 123.98
0 3062.50875 1666.50875 174.98 169.98
0 3536.50875 1609.50875 111.98 162.98
0 3104.50875 1979.50875 175.98 113.98
0 3525.50875 2064.50875 122.98 170.98
0 1278.50875 2575.50875 160.98 160.98
0 649.50875 2654.50875 124.98 81.98
