0 94.508125 0.50875 139.98125000000002 168.98
0 0.50875 137.508125 57.980000000000004 120.98125
0 205.508125 323.50875 177.98125000000002 166.98
0 0.508125 743.50875 97.97875 163.98
0 137.508125 1053.50875 163.98125000000002 205.98000000000002
0 0.50875 1983.50875 133.98 141.98
0 764.50875 2232.50875 134.98 127.98
0 896.50875 1085.50875 117.98 138.98
0 1042.50875 0.508125 113.98 107.97875
0 1013.5087500000001 144.508125 135.98 224.98125000000002
0 1306.50875 280.508125 148.98 262.98125
0 1252.50875 778.50875 166.98 220.98000000000002
0 1320.50875 1327.50875 191.98000000000002 191.98000000000002
0 1167.50875 1933.50875 109.98 106.98
0 1779.50875 1844.50875 142.98 145.98
0 1865.50875 2296.50875 163.98 156.98
0 2257.50875 1484.50875 127.98 141.98
0 1890.50875 1017.5087500000001 156.98 209.98000000000002
0 1819.50875 219.508125 120.98 199.98125000000002
0 1979.50875 20.50875 170.98 188.98
0 2189.50875 138.508125 124.98 191.98125000000002
0 2364.50875 561.50875 141.98 191.98000000000002
0 2374.50875 921.50875 113.98 191.98000000000002
0 2567.50875 255.508125 188.98 205.98125000000002
0 3162.50875 0.508125 120.98 121.97875
0 3564.50875 0.50875 83.98 129.98
0 3322.50875 404.50875 135.98 185.98
0 3033.50875 494.50875 160.98 177.98
0 2877.50875 1085.50875 152.98 138.98
0 2905.50875 1373.50875 120.98 131.98
0 3065.50875 1662.50875 178.98 177.98
0 3564.50875 1940.50875 83.98 127.98
0 3108.50875 1976.50875 167.98 112.98
0 1284.50875 2633.50875 176.98 102.98
0 3552.50875 2551.50875 54.980000000000004 75.98
