0 290.50875 0.508125 131.98 122.97875
0 0.50875 180.508125 44.980000000000004 92.98125
0 215.508125 379.50875 181.98125000000002 153.98
0 1000.5087500000001 73.50875 144.98 241.98000000000002
0 0.50875 647.50875 201.98000000000002 155.98
0 30.50875 921.50875 241.98000000000002 174.98
0 101.50875 1523.50875 203.98000000000002 141.98
0 59.50875 2346.50875 202.98000000000002 213.98000000000002
0 686.50875 1555.50875 181.98 298.98
0 917.50875 600.50875 213.98000000000002 185.98
0 1245.50875 832.50875 149.98 209.98000000000002
0 1320.50875 301.50875 163.98 230.98000000000002
0 1352.50875 1470.50875 152.98 202.98000000000002
0 1117.50875 2047.50875 163.98 159.98
0 1961.50875 2057.50875 199.98000000000002 227.98000000000002
0 2182.50875 2346.50875 145.98 149.98
0 1979.50875 84.50875 181.98 170.98
0 2185.50875 208.508125 125.98 170.98125000000002
0 1815.50875 287.50875 135.98 205.98000000000002
0 2343.50875 607.50875 148.98 235.98000000000002
0 1886.50875 1053.50875 174.98 177.98
0 2150.50875 1483.50875 224.98000000000002 170.98
0 2534.50875 1858.50875 177.98 163.98
0 2781.50875 0.50875 109.98 147.98
0 3130.50875 0.50875 163.98 150.98
0 2906.50875 368.50875 127.98 185.98
0 2937.50875 707.50875 188.98 202.98000000000002
0 3269.50875 639.50875 166.98 178.98
0 3358.50875 1089.50875 205.98000000000002 162.98
0 3507.50875 1399.50875 140.98 137.98
0 3543.50875 1694.50875 104.98 152.98
0 3084.50875 2043.50875 177.98 99.98
0 3522.50875 2093.50875 125.98 177.98
0 3580.50875 2566.50875 67.98 108.98
