0 297.50875 0.508125 138.98 104.97875
0 0.50875 151.508125 47.980000000000004 121.98125
0 212.508125 376.50875 191.98125000000002 127.98
0 0.508125 768.50875 86.97875 159.98
0 133.508125 1074.50875 167.98125000000002 206.98000000000002
0 0.508125 2011.50875 126.97875 141.98
0 761.50875 2235.50875 123.98 138.98
0 910.50875 1078.50875 103.98 123.98
0 999.5087500000001 0.508125 149.98 115.97875
0 1013.5087500000001 144.508125 142.98 263.98125
0 1331.50875 333.50875 130.98 227.98000000000002
0 1245.50875 821.50875 152.98 213.98000000000002
0 1302.50875 1334.50875 199.98000000000002 227.98000000000002
0 1145.50875 1958.50875 156.98 113.98
0 1730.50875 1893.50875 151.98 106.98
0 1886.50875 2335.50875 131.98 142.98
0 2506.50875 1865.50875 177.98 149.98
0 2147.50875 1477.50875 209.98000000000002 173.98
0 1783.50875 365.50875 134.98 256.98
0 1968.50875 0.508125 152.98 83.97875
0 2196.50875 0.508125 117.98 119.97875
0 2332.50875 244.508125 119.98 273.98125
0 2182.50875 885.50875 166.98 149.98
0 2795.50875 0.50875 110.98 154.98
0 3543.50875 23.50875 99.98 174.98
0 3069.50875 0.50875 174.98 200.98000000000002
0 3023.50875 533.50875 148.98 148.98
0 3272.50875 650.50875 152.98 167.98
0 2884.50875 1113.50875 155.98 142.98
0 2895.50875 1416.50875 148.98 120.98
0 3058.50875 1687.50875 167.98 181.98
0 3557.50875 1968.50875 90.98 138.98
0 3091.50875 2011.50875 184.98 113.98
0 0.508125 2529.50875 92.97875 191.98000000000002
0 1324.50875 2675.50875 136.98 60.980000000000004
