0 923.50875 566.50875 207.98000000000002 204.98000000000002
0 1324.50875 303.508125 153.98 293.98125
0 1020.5087500000001 57.50875 110.98 283.98
0 313.50875 0.508125 131.98 115.97875
0 391.50875 358.50875 113.98 151.98
0 6.50875 630.50875 220.98000000000002 166.98
0 80.50875 901.50875 219.98000000000002 204.98000000000002
0 100.50875 1493.50875 209.98000000000002 194.98000000000002
0 1131.50875 2038.50875 169.98 194.98000000000002
0 1331.50875 1488.50875 161.98 184.98
0 1296.50875 1038.50875 136.98 226.98000000000002
0 918.50875 1083.50875 93.98 141.98
0 54.50875 2347.50875 210.98000000000002 192.98000000000002
0 1744.50875 1901.50875 171.98 134.98
0 1884.50875 2345.50875 138.98 130.98
0 3082.50875 2165.50875 212.98000000000002 130.98
0 3550.50875 2112.50875 97.98 156.98
0 3540.50875 1696.50875 107.98 121.98
0 2504.50875 1863.50875 197.98000000000002 146.98
0 2246.50875 1547.50875 113.98 173.98
0 2188.50875 875.50875 158.98 161.98
0 2365.50875 604.50875 133.98 245.98000000000002
0 2195.50875 191.508125 123.98 184.98125000000002
0 1828.50875 277.50875 138.98 212.98000000000002
0 2203.50875 0.508125 118.98 105.97875
0 2937.50875 690.50875 189.98 186.98
0 3279.50875 655.50875 146.98 164.98
0 2897.50875 1412.50875 138.98 136.98
0 2586.50875 305.50875 178.98 177.98
0 2798.50875 0.50875 110.98 156.98
0 3165.50875 0.50875 131.98 141.98
0 3525.50875 1354.50875 122.98 128.98
0 643.50875 2666.50875 118.98 69.98
0 1351.50875 2672.50875 133.98 63.980000000000004
