0 301.50875 0.508125 138.98 111.97875
0 0.50875 155.508125 54.980000000000004 117.98125
0 397.50875 376.50875 120.98 145.98
0 0.508125 778.50875 111.97875 156.98
0 148.508125 1078.50875 170.98125000000002 198.98000000000002
0 7.50875 2004.50875 150.98 159.98
0 789.50875 2253.50875 127.98 124.98
0 921.50875 1085.50875 106.98 127.98
0 1046.50875 0.508125 116.98 108.97875
0 1028.50875 155.508125 145.98 251.98125000000002
0 1260.50875 807.50875 162.98 220.98000000000002
0 1284.50875 1323.50875 245.98000000000002 220.98000000000002
0 1170.50875 1957.50875 138.98 121.98
0 1762.50875 1897.50875 152.98 149.98
0 1890.50875 2332.50875 134.98 152.98
0 1972.50875 4.508125 160.98 101.97875
0 1837.50875 294.50875 137.98 198.98000000000002
0 1323.50875 308.50875 146.98 152.98
0 2203.50875 0.50875 117.98 129.98
0 2339.50875 233.508125 131.98 274.98125
0 2185.50875 882.50875 149.98 159.98
0 2396.50875 939.50875 102.98 198.98000000000002
0 2239.50875 1534.50875 142.98 134.98
0 2581.50875 286.50875 184.98 199.98000000000002
0 3155.50875 0.50875 134.98 143.98
0 3521.50875 12.508750000000001 106.98 213.98000000000002
0 3029.50875 547.50875 153.98 138.98
0 3333.50875 504.50875 152.98 156.98
0 3372.50875 1071.50875 206.98000000000002 159.98
0 3536.50875 1352.50875 111.98 131.98
0 3073.50875 1683.50875 159.98 177.98
0 3568.50875 1979.50875 79.98 120.98
0 3098.50875 2025.50875 198.98000000000002 103.98
0 0.508125 2566.50875 89.97875 169.98
