0 244.508125 0.508125 213.98125000000002 108.97875
0 579.50875 415.50875 267.98 227.98000000000002
0 1109.50875 134.50875 320.98 309.98
0 1427.50875 369.50875 302.98 341.98
0 2702.50875 148.508125 206.98000000000002 284.98125
0 3179.50875 722.50875 309.98 330.98
0 0.50875 1259.50875 253.98000000000002 281.98
0 622.50875 1779.50875 216.98000000000002 402.98
0 896.50875 1060.50875 312.98 341.98
0 2424.50875 1338.50875 370.98 348.98
0 2812.50875 1053.50875 285.98 419.98
0 2752.50875 2154.50875 427.98 187.98
0 3333.50875 2083.50875 314.98 312.98
0 99.50875 289.50875 291.98 196.98000000000002
0 1002.5087500000001 0.50875 236.98000000000002 215.98000000000002
0 2309.50875 0.50875 224.98000000000002 133.98
0 2959.50875 0.50875 237.98000000000002 276.98
0 2236.50875 1344.50875 81.98 175.98
0 2807.50875 541.50875 176.98 127.98
0 1695.50875 748.50875 57.980000000000004 148.98
