0 280.50875 477.50875 159.98 202.98000000000002
0 589.50875 1159.50875 85.98 83.98
0 942.50875 1055.50875 99.98 164.98
0 1022.5087500000001 146.508125 93.98 171.98125000000002
0 1506.50875 186.508125 123.98 146.98125000000002
0 1404.50875 850.50875 76.98 121.98
0 1549.50875 822.50875 80.98 116.98
0 1843.50875 700.50875 123.98 220.98000000000002
0 1587.50875 1265.50875 129.98 217.98000000000002
0 2167.50875 1238.50875 154.98 204.98000000000002
0 2552.50875 1303.50875 111.98 129.98
0 3100.50875 1068.50875 199.98000000000002 201.98000000000002
0 2965.50875 440.50875 111.98 161.98
0 3282.50875 417.50875 100.98 108.98
0 3117.50875 1341.50875 199.98000000000002 245.98000000000002
0 2209.50875 635.50875 65.98 109.98
0 278.50875 839.50875 48.980000000000004 105.98
0 999.5087500000001 796.50875 41.980000000000004 85.98
