0 946.50875 1260.50875 253.98000000000002 250.98000000000002
0 366.50875 1225.50875 209.98000000000002 229.98000000000002
0 404.50875 794.50875 278.98 230.98000000000002
0 931.50875 850.50875 138.98 189.98
0 1608.50875 797.50875 201.98000000000002 201.98000000000002
0 1932.50875 652.50875 135.98 237.98000000000002
0 2220.50875 690.50875 126.98 235.98000000000002
0 2663.50875 708.50875 156.98 204.98000000000002
0 3257.50875 713.50875 140.98 199.98000000000002
0 2912.50875 1230.50875 146.98 207.98000000000002
0 2388.50875 1934.50875 115.98 273.98
0 1838.50875 2261.50875 209.98000000000002 143.98
0 257.508125 2188.50875 255.98125000000002 201.98000000000002
0 60.50875 632.50875 232.98000000000002 242.98000000000002
0 685.50875 206.508125 149.98 245.98125000000002
0 206.508125 510.50875 91.98125 111.98
0 1420.50875 176.508125 141.98 184.98125000000002
0 1734.50875 0.50875 128.98 137.98
0 2220.50875 171.508125 205.98000000000002 257.98125
0 2438.50875 379.50875 202.98000000000002 120.98
0 2953.50875 34.50875 156.98 258.98
0 3358.50875 0.508125 161.98 84.97875
0 1985.50875 1334.50875 326.98 191.98000000000002
0 1402.50875 1443.50875 65.98 110.98
0 3021.50875 2101.50875 131.98 129.98
