0 1167.50875 143.50875 282.98 293.98
0 2056.50875 62.50875 359.98 316.98
0 1458.50875 358.50875 300.98 336.98
0 926.50875 0.50875 316.98 173.98
0 576.50875 407.50875 243.98000000000002 232.98000000000002
0 87.50875 237.508125 283.98 224.98125000000002
0 589.50875 1255.50875 278.98 341.98
0 70.50875 1025.50875 234.98000000000002 285.98
0 612.50875 1820.50875 247.98000000000002 379.98
0 219.508125 1800.50875 328.98125 452.98
0 1544.50875 2129.50875 192.98000000000002 207.98000000000002
0 2372.50875 1311.50875 410.98 404.98
0 2752.50875 2076.50875 481.98 301.98
0 3386.50875 2068.50875 261.98 329.98
0 2798.50875 1035.50875 285.98 331.98
0 3163.50875 720.50875 402.98 347.98
0 3036.50875 224.508125 268.98 412.98125
0 2715.50875 153.508125 211.98000000000002 280.98125
0 2466.50875 890.50875 133.98 113.98
0 1775.50875 903.50875 67.98 154.98
