0 98.50875 222.508125 270.98 237.98125000000002
0 569.50875 399.50875 234.98000000000002 212.98000000000002
0 959.50875 0.50875 285.98 165.98
0 1182.50875 141.50875 277.98 285.98
0 1658.50875 394.50875 123.98 209.98000000000002
0 1747.50875 852.50875 100.98 179.98
0 1612.50875 0.50875 420.98 352.98
0 2606.50875 146.508125 178.98 214.98125000000002
0 2844.50875 472.50875 173.98 154.98
0 2953.50875 0.50875 242.98000000000002 132.98
0 2778.50875 1032.50875 300.98 359.98
0 2332.50875 1298.50875 404.98 387.98
0 1187.50875 1676.50875 321.98 353.98
0 2763.50875 1878.50875 237.98000000000002 212.98000000000002
0 3414.50875 1815.50875 233.98000000000002 240.98000000000002
0 3206.50875 1521.50875 105.98 134.98
0 875.50875 1058.50875 339.98 338.98
0 624.50875 1797.50875 215.98000000000002 377.98
0 153.50875 1772.50875 331.98 445.98
0 65.50875 936.50875 247.98000000000002 328.98
0 2613.50875 0.50875 113.98 155.98
