0 1012.5087500000001 1894.50875 202.98000000000002 186.98
0 1015.5087500000001 650.50875 262.98 285.98
0 1595.50875 1306.50875 128.98 184.98
0 1840.50875 1268.50875 113.98 169.98
0 1557.50875 835.50875 77.98 130.98
0 1245.50875 105.508125 151.98 176.98125000000002
0 2193.50875 1245.50875 143.98 207.98000000000002
0 2735.50875 1172.50875 156.98 186.98
0 3193.50875 559.50875 149.98 166.98
0 1717.50875 47.50875 77.98 169.98
0 3512.50875 510.50875 135.98 159.98
0 2965.50875 447.50875 85.98 154.98
0 695.50875 703.50875 121.98 176.98
0 1668.50875 749.50875 83.98 138.98
0 3001.50875 1952.50875 130.98 115.98
0 1425.50875 858.50875 60.980000000000004 123.98
0 2367.50875 1444.50875 87.98 102.98
0 907.50875 322.50875 88.98 121.98
0 2573.50875 122.50875 78.98 87.98
