0 1975.50875 1334.50875 333.98 189.98
0 1390.50875 1414.50875 75.98 101.98
0 622.50875 1306.50875 166.98 207.98000000000002
0 234.508125 1098.50875 182.98125000000002 265.98
0 0.50875 2231.50875 259.98 290.98
0 1719.50875 2048.50875 272.98 222.98000000000002
0 2383.50875 1922.50875 131.98 277.98
0 3317.50875 1975.50875 235.98000000000002 242.98000000000002
0 2922.50875 1331.50875 128.98 111.98
0 402.50875 799.50875 277.98 235.98000000000002
0 941.50875 863.50875 133.98 158.98
0 1595.50875 787.50875 212.98000000000002 227.98000000000002
0 1927.50875 647.50875 143.98 199.98000000000002
0 2687.50875 698.50875 146.98 217.98000000000002
0 3290.50875 708.50875 108.98 179.98
0 399.50875 242.508125 146.98 232.98125000000002
0 1136.50875 166.508125 111.98 262.98125
0 2228.50875 156.508125 192.98000000000002 262.98125
0 2955.50875 29.50875 138.98 255.98000000000002
0 3363.50875 404.50875 113.98 116.98
0 0.508125 92.508125 102.97875 151.98125000000002
0 1179.50875 0.50875 55.980000000000004 51.980000000000004
0 2446.50875 305.50875 204.98000000000002 192.98000000000002
