0 1815.50875 1278.50875 209.98000000000002 242.98000000000002
0 1197.50875 1384.50875 250.98000000000002 157.98
0 2172.50875 1270.50875 156.98 190.98
0 2560.50875 1329.50875 107.98 118.98
0 3125.50875 1379.50875 189.98 200.98000000000002
0 576.50875 1106.50875 88.98 120.98
0 1516.50875 870.50875 75.98 116.98
0 1428.50875 842.50875 64.98 139.98
0 678.50875 700.50875 110.98 119.98
0 1230.50875 110.508125 164.98 184.98125000000002
0 918.50875 300.50875 75.98 118.98
0 1714.50875 49.50875 85.98 169.98
0 1671.50875 731.50875 87.98 164.98
0 2218.50875 642.50875 90.98 103.98
0 2970.50875 445.50875 96.98 138.98
0 3208.50875 566.50875 151.98 161.98
0 3528.50875 521.50875 119.98 135.98
0 2266.50875 1458.50875 204.98000000000002 91.98
0 2969.50875 1444.50875 62.980000000000004 84.98
0 3130.50875 824.50875 90.98 172.98
0 971.50875 784.50875 75.98 100.98
