0 1699.50875 328.508125 406.98 409.98125
0 1767.50875 855.50875 87.98 166.98
0 2370.50875 1301.50875 399.98 384.98
0 2793.50875 1025.50875 280.98 343.98
0 3176.50875 706.50875 404.98 300.98
0 2750.50875 2043.50875 470.98 313.98
0 3388.50875 2053.50875 259.98 301.98
0 1220.50875 1686.50875 328.98 349.98
0 369.50875 1820.50875 239.98000000000002 278.98
0 594.50875 1227.50875 260.98 341.98
0 0.50875 893.50875 200.98000000000002 202.98000000000002
0 0.50875 1227.50875 271.98 273.98
0 348.50875 229.508125 253.98000000000002 275.98125
0 728.50875 83.50875 291.98 272.98
0 941.50875 0.50875 310.98 157.98
0 3191.50875 1524.50875 103.98 148.98
0 3041.50875 217.508125 255.98000000000002 404.98125
0 2714.50875 143.508125 210.98000000000002 283.98125
0 2068.50875 52.50875 362.98 321.98
0 1450.50875 341.50875 296.98 331.98
