0 2354.50875 610.50875 80.98 145.98
0 1900.50875 66.50875 188.98 138.98
0 1415.50875 179.508125 80.98 164.98125000000002
0 20.50875 25.50875 158.98 273.98
0 1724.50875 1907.50875 304.98 380.98
0 2399.50875 1403.50875 200.98000000000002 205.98000000000002
0 1048.50875 1057.50875 85.98 165.98
0 2852.50875 539.50875 227.98000000000002 241.98000000000002
0 928.50875 431.50875 205.98000000000002 212.98000000000002
0 2152.50875 356.50875 61.980000000000004 122.98
0 148.508125 2029.50875 63.98125 83.98
0 176.508125 462.50875 103.98125 129.98
