0 2992.50875 748.50875 191.98000000000002 203.98000000000002
0 1801.50875 904.50875 126.98 231.98000000000002
0 2132.50875 299.50875 62.980000000000004 140.98
0 2540.50875 0.508125 47.980000000000004 87.97875
0 1554.50875 212.508125 114.98 239.98125000000002
0 899.50875 330.50875 210.98000000000002 227.98000000000002
0 918.50875 2.50875 100.98 125.98
0 124.50875 402.50875 138.98 165.98
0 870.50875 1856.50875 203.98000000000002 338.98
0 2776.50875 1914.50875 152.98 256.98
0 2644.50875 431.50875 71.98 138.98
0 3385.50875 491.50875 70.98 196.98000000000002
0 1328.50875 1100.50875 91.98 225.98000000000002
0 73.50875 1972.50875 71.98 83.98
