0 724.50875 66.50875 143.98 270.98
0 8.508125 0.50875 105.97875 219.98000000000002
0 80.508125 1972.50875 131.98125 128.98
0 894.50875 1876.50875 167.98 308.98
0 1374.50875 104.508125 114.98 194.98125000000002
0 1523.50875 169.508125 128.98 273.98125
0 1288.50875 1062.50875 126.98 277.98
0 2384.50875 1386.50875 220.98000000000002 256.98
0 2994.50875 757.50875 196.98000000000002 206.98000000000002
0 3380.50875 484.50875 75.98 157.98
0 2622.50875 421.50875 69.98 136.98
0 2526.50875 647.50875 90.98 165.98
0 2228.50875 0.508125 120.98 106.97875
0 2122.50875 275.50875 81.98 179.98
0 1751.50875 30.50875 37.980000000000004 119.98
0 2665.50875 335.50875 45.980000000000004 112.98
0 3332.50875 913.50875 55.980000000000004 74.98
0 433.50875 73.50875 52.980000000000004 114.98
