0 1698.50875 1905.50875 321.98 398.98
0 227.508125 1552.50875 212.98125000000002 231.98000000000002
0 1014.5087500000001 1007.5087500000001 177.98 306.98
0 560.50875 632.50875 131.98 235.98000000000002
0 184.508125 272.50875 109.98125 136.98
0 25.509375000000002 0.50875 86.97875 216.98000000000002
0 383.50875 35.50875 97.98 167.98
0 1055.50875 49.50875 52.980000000000004 138.98
0 882.50875 330.50875 227.98000000000002 227.98000000000002
0 1316.50875 109.50875 131.98 222.98000000000002
0 1540.50875 97.508125 128.98 141.98125000000002
0 1480.50875 179.508125 102.98 258.98125
0 1878.50875 63.50875 191.98000000000002 168.98
0 2209.50875 323.50875 54.980000000000004 205.98000000000002
0 2202.50875 577.50875 181.98 246.98000000000002
0 2598.50875 443.50875 122.98 153.98
0 2372.50875 414.50875 153.98 253.98000000000002
0 2812.50875 570.50875 255.98000000000002 253.98000000000002
0 3299.50875 892.50875 61.980000000000004 119.98
0 2977.50875 32.50875 189.98 271.98
0 3316.50875 328.50875 139.98 231.98000000000002
0 1722.50875 940.50875 208.98000000000002 229.98000000000002
0 2754.50875 1844.50875 273.98 350.98
0 2320.50875 1417.50875 260.98 280.98
