0 452.50875 426.50875 201.98000000000002 258.98
0 0.508125 138.508125 101.97875 186.98125000000002
0 227.50875 114.508125 83.98 179.98125000000002
0 395.50875 0.508125 112.98 125.97875
0 892.50875 0.508125 121.98 101.97875
0 844.50875 825.50875 207.98000000000002 267.98
0 16.50875 1648.50875 152.98 276.98
0 1587.50875 1655.50875 314.98 433.98
0 1708.50875 820.50875 188.98 267.98
0 2421.50875 1223.50875 142.98 198.98000000000002
0 2629.50875 1648.50875 227.98000000000002 344.98
0 3157.50875 1871.50875 54.980000000000004 121.98
0 3004.50875 1237.50875 167.98 186.98
0 2778.50875 457.50875 241.98000000000002 227.98000000000002
0 3160.50875 767.50875 99.98 174.98
0 3222.50875 150.508125 143.98 220.98125000000002
0 2543.50875 241.508125 164.98 177.98125000000002
0 2766.50875 124.50875 95.98 157.98
0 3047.50875 66.50875 116.98 104.98
0 2032.50875 0.50875 150.98 55.980000000000004
0 2099.50875 162.508125 92.98 229.98125000000002
0 2171.50875 416.50875 117.98 215.98000000000002
0 2312.50875 443.50875 107.98 217.98000000000002
0 1600.50875 28.50875 63.980000000000004 162.98
0 1465.50875 162.508125 105.98 153.98125000000002
0 1256.50875 18.50875 57.980000000000004 140.98
0 1490.50875 642.50875 70.98 201.98000000000002
0 1988.50875 856.50875 127.98 255.98000000000002
0 1861.50875 659.50875 83.98 152.98
