0 1369.50875 949.50875 273.98 357.98
0 1067.50875 776.50875 80.98 177.98
0 793.50875 628.50875 69.98 155.98
0 224.508125 1868.50875 165.98125000000002 256.98
0 1616.50875 2005.50875 83.98 79.98
0 2372.50875 1319.50875 213.98000000000002 220.98000000000002
0 2720.50875 1252.50875 81.98 150.98
0 3232.50875 820.50875 133.98 181.98
0 2852.50875 500.50875 237.98000000000002 223.98000000000002
0 3335.50875 284.50875 120.98 98.98
0 2776.50875 128.508125 131.98 172.98125000000002
0 2694.50875 364.50875 69.98 150.98
0 2267.50875 479.50875 189.98 212.98000000000002
0 2062.50875 222.508125 209.98000000000002 210.98125000000002
0 2540.50875 0.50875 134.98 137.98
0 1501.50875 618.50875 126.98 210.98000000000002
0 1693.50875 263.50875 50.980000000000004 95.98
0 1592.50875 37.50875 62.980000000000004 114.98
0 1902.50875 85.508125 167.98 134.98125
0 1261.50875 6.50875 81.98 148.98
0 911.50875 0.508125 169.98 94.97875
0 397.50875 0.50875 129.98 139.98
0 236.50875 138.508125 103.98 174.98125000000002
0 0.508125 136.508125 120.97875 181.98125000000002
0 140.508125 284.508125 179.98125000000002 251.98125000000002
0 0.508125 1460.50875 91.97875 91.98
0 3157.50875 1818.50875 136.98 160.98
0 2166.50875 925.50875 162.98 218.98000000000002
0 2005.50875 868.50875 62.980000000000004 145.98
0 3383.50875 462.50875 72.98 174.98
