0 400.50875 796.50875 109.98 133.98
0 157.508125 1976.50875 186.98125000000002 165.98
0 1619.50875 1998.50875 88.98 203.98000000000002
0 2843.50875 1792.50875 208.98000000000002 385.98
0 3359.50875 1943.50875 96.98 119.98
0 2701.50875 1264.50875 86.98 169.98
0 2374.50875 1415.50875 250.98000000000002 246.98000000000002
0 2000.50875 856.50875 59.980000000000004 128.98
0 1261.50875 1081.50875 306.98 316.98
0 1016.5087500000001 781.50875 148.98 174.98
0 954.50875 268.508125 239.98000000000002 251.98125000000002
0 803.50875 68.508125 54.980000000000004 129.98125
0 421.50875 112.508125 81.98 167.98125000000002
0 124.508125 299.50875 174.98125000000002 265.98
0 20.50875 0.50875 134.98 178.98
0 2874.50875 536.50875 232.98000000000002 223.98000000000002
0 3277.50875 856.50875 124.98 167.98
0 3119.50875 260.508125 119.98 211.98125000000002
0 2785.50875 126.508125 141.98 196.98125000000002
0 2593.50875 273.50875 177.98 183.98
0 2502.50875 416.50875 181.98 175.98
0 2058.50875 256.50875 225.98000000000002 183.98
0 2217.50875 0.50875 159.98 137.98
0 1758.50875 0.508125 95.98 120.97875
0 1480.50875 0.50875 87.98 55.980000000000004
0 1112.50875 1.50875 131.98 172.98
0 536.50875 481.50875 304.98 268.98
0 750.50875 637.50875 105.98 237.98000000000002
0 2749.50875 0.50875 50.980000000000004 67.9775
0 2447.50875 1141.50875 47.980000000000004 78.98
0 1458.50875 220.508125 100.98 131.98125
0 1633.50875 222.508125 131.98 143.98125000000002
