0 1744.50875 2096.50875 258.98 220.98000000000002
0 2380.50875 1934.50875 116.98 250.98000000000002
0 2993.50875 2117.50875 136.98 118.98
0 875.50875 2238.50875 220.98000000000002 212.98000000000002
0 1992.50875 1334.50875 306.98 194.98000000000002
0 3229.50875 1352.50875 98.98 143.98
0 946.50875 1268.50875 263.98 232.98000000000002
0 351.50875 1238.50875 199.98000000000002 224.98000000000002
0 394.50875 812.50875 290.98 222.98000000000002
0 680.50875 890.50875 131.98 141.98
0 1392.50875 845.50875 67.98 138.98
0 1785.50875 794.50875 158.98 199.98000000000002
0 2220.50875 690.50875 131.98 197.98000000000002
0 2682.50875 688.50875 151.98 212.98000000000002
0 3262.50875 706.50875 143.98 199.98000000000002
0 2955.50875 39.50875 164.98 268.98
0 2722.50875 87.50875 111.98 220.98000000000002
0 2441.50875 310.50875 189.98 194.98000000000002
0 1747.50875 0.50875 125.98 135.98
0 1384.50875 166.508125 174.98 207.98125000000002
0 675.50875 199.508125 159.98 229.98125000000002
0 0.508125 82.508125 97.97875 159.98125000000002
0 1384.50875 1422.50875 81.98 113.98
0 0.50875 2213.50875 254.98000000000002 323.98
0 562.50875 0.508125 82.98 107.97875
