0 2000.50875 1319.50875 298.98 201.98000000000002
0 1911.50875 2198.50875 164.98 153.98
0 3036.50875 2091.50875 128.98 128.98
0 870.50875 2226.50875 215.98000000000002 166.98
0 0.50875 2281.50875 203.98000000000002 227.98000000000002
0 229.508125 1065.50875 202.98125000000002 280.98
0 961.50875 1243.50875 245.98000000000002 222.98000000000002
0 1752.50875 797.50875 171.98 194.98000000000002
0 2218.50875 700.50875 128.98 197.98000000000002
0 2681.50875 690.50875 154.98 215.98000000000002
0 934.50875 840.50875 128.98 176.98
0 407.50875 789.50875 292.98 220.98000000000002
0 396.50875 217.508125 149.98 234.98125000000002
0 0.508125 70.50875 104.97875 158.98
0 1420.50875 143.508125 161.98 214.98125000000002
0 1739.50875 0.508125 136.98 122.97875
0 103.50875 498.50875 34.980000000000004 115.98
0 2712.50875 85.50875 123.98 207.98000000000002
0 2970.50875 49.50875 161.98 248.98000000000002
0 3386.50875 0.508125 103.98 91.97875
0 3056.50875 660.50875 192.98000000000002 237.98000000000002
0 3454.50875 1217.50875 156.98 199.98000000000002
0 3219.50875 1326.50875 133.98 171.98
0 2644.50875 2208.50875 82.98 110.98
