0 1749.50875 2033.50875 265.98 240.98000000000002
0 2623.50875 2190.50875 75.98 108.98
0 3001.50875 2099.50875 136.98 120.98
0 206.508125 2152.50875 263.98125 199.98000000000002
0 369.50875 1189.50875 209.98000000000002 235.98000000000002
0 381.50875 784.50875 283.98 209.98000000000002
0 921.50875 822.50875 148.98 184.98
0 1585.50875 764.50875 222.98000000000002 181.98
0 1906.50875 614.50875 146.98 237.98000000000002
0 1413.50875 149.508125 143.98 181.98125000000002
0 1144.50875 156.508125 138.98 245.98125000000002
0 381.50875 206.508125 151.98 233.98125000000002
0 39.50875 685.50875 225.98000000000002 255.98000000000002
0 946.50875 1245.50875 260.98 252.98000000000002
0 1990.50875 1311.50875 305.98 194.98000000000002
0 2205.50875 657.50875 126.98 225.98000000000002
0 2679.50875 657.50875 145.98 227.98000000000002
0 3262.50875 736.50875 146.98 143.98
0 2894.50875 1311.50875 159.98 123.98
0 3457.50875 1222.50875 136.98 192.98000000000002
0 863.50875 2182.50875 219.98000000000002 233.98000000000002
0 2443.50875 316.50875 197.98000000000002 173.98
0 3145.50875 120.508125 111.98 232.98125000000002
0 2707.50875 65.50875 133.98 201.98000000000002
