0 2314.50875 1420.50875 252.98000000000002 180.98
0 422.50875 1965.50875 380.98 419.98
0 230.508125 1199.50875 287.98125 262.98
0 1220.50875 1192.50875 249.98000000000002 141.98
0 1633.50875 1095.50875 174.98 206.98000000000002
0 2000.50875 818.50875 234.98000000000002 212.98000000000002
0 2506.50875 319.508125 416.98 466.98125
0 3219.50875 37.50875 223.98000000000002 192.98000000000002
0 3311.50875 707.50875 331.98 216.98000000000002
0 1701.50875 458.50875 206.98000000000002 266.98
0 1975.50875 212.508125 210.98000000000002 238.98125000000002
0 2314.50875 55.50875 213.98000000000002 316.98
0 771.50875 529.50875 202.98000000000002 327.98
0 561.50875 547.50875 134.98 255.98000000000002
0 45.50875 497.50875 212.98000000000002 181.98
0 597.50875 34.50875 152.98 202.98000000000002
0 1224.50875 216.508125 198.98000000000002 130.98125
0 2513.50875 1990.50875 202.98000000000002 195.98000000000002
0 3550.50875 1409.50875 97.98 120.98
0 1612.50875 34.50875 209.98000000000002 173.98
0 1316.50875 419.50875 177.98 255.98000000000002
0 351.50875 608.50875 72.98 105.98
