0 1759.50875 2043.50875 273.98 212.98000000000002
0 2378.50875 1904.50875 125.98 275.98
0 3016.50875 2109.50875 121.98 116.98
0 855.50875 2190.50875 227.98000000000002 225.98000000000002
0 0.50875 2294.50875 173.98 204.98000000000002
0 619.50875 1293.50875 184.98 182.98
0 1374.50875 1377.50875 91.98 118.98
0 47.50875 614.50875 237.98000000000002 222.98000000000002
0 678.50875 858.50875 135.98 140.98
0 1392.50875 809.50875 70.98 154.98
0 1742.50875 787.50875 173.98 211.98000000000002
0 2030.50875 472.50875 75.98 151.98
0 2535.50875 627.50875 133.98 176.98
0 3036.50875 652.50875 199.98000000000002 215.98000000000002
0 3150.50875 115.508125 101.98 222.98125000000002
0 2899.50875 0.50875 111.98 162.98
0 2704.50875 60.50875 136.98 221.98000000000002
0 2218.50875 153.508125 207.98000000000002 260.98125
0 1410.50875 141.508125 136.98 209.98125000000002
0 1156.50875 148.508125 129.98 248.98125000000002
0 399.50875 206.508125 143.98 222.98125000000002
0 0.508125 57.50875 86.97875 159.98
0 1164.50875 0.50875 57.980000000000004 51.980000000000004
0 1972.50875 1308.50875 334.98 192.98000000000002
0 2902.50875 1306.50875 143.98 128.98
0 3449.50875 1217.50875 156.98 194.98000000000002
