0 1407.50875 845.50875 101.98 136.98
0 1301.50875 749.50875 138.98 184.98
0 1810.50875 680.50875 121.98 184.98
0 1428.50875 1379.50875 85.98 151.98
0 440.50875 1886.50875 110.98 141.98
0 434.50875 1027.50875 157.98 146.98
0 711.50875 934.50875 108.98 123.98
0 974.50875 956.50875 131.98 141.98
0 956.50875 736.50875 126.98 108.98
0 475.50875 635.50875 161.98 161.98
0 133.508125 688.50875 116.98125 151.98
0 0.50875 366.50875 50.980000000000004 96.98
0 343.50875 4.50875 108.98 171.98
0 863.50875 1.50875 123.98 192.98000000000002
0 2048.50875 1311.50875 169.98 181.98
0 2281.50875 1260.50875 116.98 134.98
0 2552.50875 1281.50875 161.98 123.98
0 2565.50875 908.50875 176.98 111.98
0 2248.50875 923.50875 103.98 129.98
0 2603.50875 541.50875 113.98 146.98
0 2887.50875 407.50875 113.98 199.98000000000002
0 3160.50875 716.50875 126.98 120.98
0 3219.50875 1032.50875 115.98 184.98
0 2932.50875 1298.50875 189.98 129.98
0 3279.50875 2101.50875 151.98 149.98
0 2347.50875 1954.50875 98.98 98.98
0 999.5087500000001 290.50875 108.98 123.98
0 1220.50875 19.50875 85.98 111.98
0 1628.50875 11.508750000000001 120.98 210.98000000000002
0 1937.50875 27.50875 57.980000000000004 135.98
0 2788.50875 98.50875 45.980000000000004 105.98
0 3330.50875 98.508125 60.980000000000004 138.98125000000002
0 3315.50875 508.50875 120.98 164.98
0 2509.50875 2291.50875 101.98 103.98
0 1795.50875 267.50875 65.98 113.98
0 2780.50875 187.508125 127.98 111.98125
0 3592.50875 2206.50875 55.980000000000004 138.98
0 1607.50875 739.50875 126.98 120.98
0 2318.50875 562.50875 51.980000000000004 121.98
0 3552.50875 517.50875 95.98 129.98
0 0.50875 842.50875 43.980000000000004 148.98
