0 1369.50875 1387.50875 93.98 126.98
0 612.50875 1276.50875 196.98000000000002 216.98000000000002
0 194.508125 1068.50875 199.98125000000002 237.98000000000002
0 693.50875 858.50875 123.98 171.98
0 1392.50875 825.50875 73.98 156.98
0 1739.50875 784.50875 182.98 197.98000000000002
0 2030.50875 470.50875 83.98 148.98
0 2542.50875 642.50875 134.98 182.98
0 3026.50875 675.50875 212.98000000000002 227.98000000000002
0 2975.50875 1405.50875 245.98000000000002 237.98000000000002
0 3216.50875 1326.50875 123.98 166.98
0 1975.50875 1316.50875 326.98 189.98
0 1739.50875 2058.50875 245.98000000000002 225.98000000000002
0 2641.50875 2193.50875 72.98 102.98
0 2988.50875 2129.50875 141.98 106.98
0 870.50875 2193.50875 222.98000000000002 189.98
0 0.508125 2408.50875 122.97875 153.98
0 60.50875 614.50875 237.98000000000002 240.98000000000002
0 389.50875 204.508125 148.98 219.98125000000002
0 1144.50875 136.508125 138.98 254.98125000000002
0 1395.50875 212.508125 176.98 161.98125000000002
0 559.50875 0.508125 108.98 97.97875
0 2215.50875 163.508125 212.98000000000002 258.98125
0 2887.50875 0.50875 128.98 167.98
0 3138.50875 143.508125 107.98 230.98125000000002
0 3322.50875 402.50875 162.98 133.98
