0 1952.50875 1265.50875 366.98 222.98000000000002
0 2935.50875 1121.50875 237.98000000000002 232.98000000000002
0 3219.50875 1263.50875 229.98000000000002 202.98000000000002
0 2375.50875 1868.50875 138.98 281.98
0 2998.50875 2036.50875 187.98 168.98
0 1853.50875 2203.50875 220.98000000000002 196.98000000000002
0 209.508125 2104.50875 273.98125 232.98000000000002
0 0.50875 2119.50875 243.98000000000002 399.98
0 358.50875 1159.50875 212.98000000000002 245.98000000000002
0 941.50875 1200.50875 273.98 247.98000000000002
0 1719.50875 1199.50875 186.98 217.98000000000002
0 1595.50875 718.50875 199.98000000000002 222.98000000000002
0 916.50875 695.50875 184.98 222.98000000000002
0 343.50875 607.50875 316.98 277.98
0 100.508125 348.50875 159.98125000000002 169.98
0 698.50875 161.508125 153.98 240.98125000000002
0 1387.50875 57.50875 189.98 275.98
0 1894.50875 569.50875 189.98 232.98000000000002
0 2208.50875 105.50875 232.98000000000002 280.98
0 2499.50875 516.50875 133.98 229.98000000000002
0 3062.50875 556.50875 237.98000000000002 275.98
0 3383.50875 222.508125 166.98 237.98125000000002
0 2927.50875 0.50875 164.98 241.98000000000002
0 2210.50875 6.50875 73.98 161.98
0 2443.50875 270.50875 243.98000000000002 204.98000000000002
