0 1369.50875 1243.50875 123.98 219.98000000000002
0 1970.50875 1268.50875 353.98 217.98000000000002
0 2965.50875 1162.50875 250.98000000000002 219.98000000000002
0 3252.50875 1278.50875 229.98000000000002 202.98000000000002
0 2403.50875 1914.50875 141.98 288.98
0 3049.50875 2091.50875 179.98 161.98
0 1782.50875 2061.50875 276.98 222.98000000000002
0 885.50875 2195.50875 250.98000000000002 214.98000000000002
0 0.508125 2145.50875 122.97875 439.98
0 176.508125 1050.50875 237.98125000000002 290.98
0 556.50875 1258.50875 217.98000000000002 224.98000000000002
0 931.50875 698.50875 209.98000000000002 229.98000000000002
0 318.508125 688.50875 328.98125 252.98000000000002
0 87.508125 348.50875 172.98125000000002 182.98
0 695.50875 174.508125 141.98 252.98125000000002
0 1387.50875 67.50875 184.98 275.98
0 1891.50875 579.50875 204.98000000000002 232.98000000000002
0 1590.50875 733.50875 232.98000000000002 230.98000000000002
0 2210.50875 622.50875 179.98 207.98000000000002
0 2720.50875 609.50875 178.98 248.98000000000002
0 3317.50875 569.50875 205.98000000000002 232.98000000000002
0 3188.50875 44.50875 146.98 248.98000000000002
0 2750.50875 22.50875 138.98 214.98000000000002
0 2448.50875 265.50875 230.98000000000002 199.98000000000002
