0 1965.50875 1258.50875 361.98 250.98000000000002
0 3009.50875 1164.50875 274.98 189.98
0 3208.50875 1229.50875 253.98000000000002 203.98000000000002
0 1709.50875 1128.50875 191.98000000000002 253.98000000000002
0 913.50875 1217.50875 275.98 250.98000000000002
0 1863.50875 2226.50875 220.98000000000002 174.98
0 191.508125 2084.50875 293.98125 244.98000000000002
0 206.508125 979.50875 222.98125000000002 326.98
0 563.50875 1174.50875 190.98 225.98000000000002
0 1589.50875 723.50875 215.98000000000002 240.98000000000002
0 1881.50875 574.50875 194.98000000000002 234.98000000000002
0 627.50875 797.50875 161.98 171.98
0 11.508750000000001 566.50875 273.98 369.98
0 77.50875 422.50875 85.98 199.98000000000002
0 716.50875 148.508125 115.98 258.98125
0 1134.50875 100.50875 156.98 265.98
0 2198.50875 118.50875 239.98000000000002 280.98
0 2223.50875 576.50875 169.98 212.98000000000002
0 2540.50875 546.50875 153.98 219.98000000000002
0 3041.50875 546.50875 260.98 262.98
0 3393.50875 136.50875 182.98 303.98
0 2927.50875 0.50875 172.98 259.98
0 2380.50875 1914.50875 141.98 267.98
0 3041.50875 2015.50875 204.98000000000002 194.98000000000002
0 2307.50875 822.50875 82.98 181.98
