0 1711.50875 1103.50875 204.98000000000002 242.98000000000002
0 2426.50875 1291.50875 252.98000000000002 217.98000000000002
0 956.50875 1202.50875 258.98 265.98
0 368.50875 1182.50875 200.98000000000002 239.98000000000002
0 244.508125 964.50875 227.98125000000002 300.98
0 328.50875 566.50875 278.98 301.98
0 80.50875 419.50875 77.98 177.98
0 721.50875 148.508125 118.98 253.98125000000002
0 1139.50875 98.50875 151.98 270.98
0 918.50875 594.50875 194.98000000000002 252.98000000000002
0 1263.50875 721.50875 103.98 176.98
0 1580.50875 728.50875 219.98000000000002 230.98000000000002
0 1881.50875 559.50875 202.98000000000002 252.98000000000002
0 2200.50875 100.50875 235.98000000000002 275.98
0 2537.50875 528.50875 146.98 192.98000000000002
0 2312.50875 792.50875 87.98 179.98
0 3059.50875 533.50875 262.98 268.98
0 3538.50875 652.50875 105.98 192.98000000000002
0 3100.50875 1032.50875 275.98 268.98
0 3490.50875 1154.50875 157.98 186.98
0 3049.50875 1985.50875 204.98000000000002 176.98
0 2385.50875 1899.50875 141.98 265.98
0 1876.50875 2207.50875 207.98000000000002 190.98
0 868.50875 2154.50875 252.98000000000002 228.98000000000002
0 0.50875 2046.50875 135.98 475.98
0 2942.50875 0.50875 174.98 274.98
0 3160.50875 0.50875 154.98 238.98000000000002
