0 1265.50875 1349.50875 184.98 148.98
0 1797.50875 1248.50875 194.98000000000002 229.98000000000002
0 916.50875 1042.50875 136.98 121.98
0 498.50875 1045.50875 118.98 136.98
0 538.50875 647.50875 123.98 161.98
0 163.508125 782.50875 129.98125 69.98
0 189.508125 402.50875 161.98125000000002 183.98
0 467.50875 75.50875 32.980000000000004 67.98
0 931.50875 24.50875 121.98 159.98
0 1240.50875 95.508125 85.98 166.98125000000002
0 1676.50875 24.50875 105.98 156.98
0 1438.50875 814.50875 100.98 169.98
0 1668.50875 776.50875 106.98 119.98
0 1871.50875 655.50875 113.98 189.98
0 956.50875 708.50875 91.98 138.98
0 3003.50875 1873.50875 166.98 131.98
0 3094.50875 1308.50875 189.98 227.98000000000002
0 2730.50875 1126.50875 148.98 217.98000000000002
0 2332.50875 1420.50875 171.98 123.98
0 2154.50875 1220.50875 141.98 163.98
0 2279.50875 941.50875 62.980000000000004 73.98
0 2220.50875 566.50875 91.98 116.98
0 2745.50875 419.50875 85.98 149.98
0 3140.50875 703.50875 138.98 189.98
0 3272.50875 574.50875 151.98 138.98
0 3310.50875 336.50875 100.98 173.98
0 3558.50875 490.50875 89.98 141.98
0 2547.50875 27.50875 144.98 148.98
0 3282.50875 835.50875 57.980000000000004 98.98
0 783.50875 967.50875 87.98 105.98
0 2397.50875 2006.50875 36.980000000000004 69.98
0 2382.50875 2292.50875 63.980000000000004 57.980000000000004
