0 1866.50875 1990.50875 75.98 90.98
0 2547.50875 2312.50875 98.98 87.98
0 3355.50875 2112.50875 159.98 153.98
0 987.5087500000001 1894.50875 212.98000000000002 191.98000000000002
0 1433.50875 1341.50875 100.98 174.98
0 1795.50875 1240.50875 181.98 230.98000000000002
0 2210.50875 1202.50875 108.98 138.98
0 2317.50875 1359.50875 171.98 113.98
0 2747.50875 1162.50875 156.98 196.98000000000002
0 3110.50875 1235.50875 184.98 194.98000000000002
0 3206.50875 706.50875 131.98 173.98
0 2575.50875 845.50875 179.98 126.98
0 2309.50875 789.50875 138.98 159.98
0 1369.50875 782.50875 172.98 171.98
0 1020.5087500000001 607.50875 234.98000000000002 270.98
0 969.50875 941.50875 143.98 149.98
0 744.50875 898.50875 113.98 111.98
0 328.50875 1012.5087500000001 156.98 159.98
0 191.508125 619.50875 108.98125 167.98
0 678.50875 662.50875 141.98 146.98
0 2897.50875 341.50875 156.98 250.98000000000002
0 3325.50875 442.50875 128.98 164.98
0 3510.50875 336.50875 137.98 173.98
0 0.50875 2547.50875 142.98 174.98
0 1025.50875 234.50875 113.98 139.98
0 1486.50875 65.50875 138.98 232.98000000000002
0 1597.50875 640.50875 166.98 168.98
0 2173.50875 528.50875 105.98 133.98
0 2621.50875 508.50875 125.98 159.98
0 2818.50875 133.508125 144.98 128.98125
0 3328.50875 52.50875 80.98 169.98
0 1952.50875 0.50875 52.980000000000004 157.98
0 1238.50875 0.508125 87.98 105.97875
0 916.50875 0.50875 120.98 185.98
0 0.50875 331.50875 69.9775 87.98
0 2552.50875 0.50875 121.98 162.98
0 2813.50875 60.50875 73.98 133.98
0 1348.50875 128.508125 84.98 193.98125000000002
0 3561.50875 471.50875 86.98 142.98
0 907.50875 0.50875 88.98 142.98
0 2017.50875 325.50875 45.980000000000004 90.98
