0 101.50875 63.50875 211.98000000000002 219.98000000000002
0 192.508125 276.508125 162.98125000000002 246.98125000000002
0 0.50875 0.50875 80.9775 149.98
0 219.508125 1986.50875 280.98125 189.98
0 815.50875 1689.50875 516.98 341.98
0 1275.50875 1758.50875 204.98000000000002 189.98
0 2464.50875 1777.50875 163.98 223.98000000000002
0 3445.50875 1465.50875 174.98 235.98000000000002
0 2582.50875 873.50875 261.98 241.98000000000002
0 1514.50875 854.50875 205.98000000000002 260.98
0 2176.50875 310.50875 227.98000000000002 238.98000000000002
0 1028.50875 0.508125 147.98 107.97875
0 2411.50875 0.50875 208.98000000000002 145.98
0 2700.50875 321.50875 292.98 258.98
0 3399.50875 0.508125 166.98 119.97875
0 3304.50875 2442.50875 343.98 293.98
0 0.50875 2426.50875 244.98000000000002 309.98
0 1423.50875 2578.50875 326.98 157.98
0 2666.50875 2605.50875 128.98 130.98
