0 2282.50875 838.50875 394.98 299.98
0 1549.50875 864.50875 265.98 239.98000000000002
0 1256.50875 222.508125 208.98000000000002 417.98125
0 405.50875 295.508125 295.98 265.98125
0 89.50875 55.50875 235.98000000000002 227.98000000000002
0 85.50875 348.50875 189.98 276.98
0 237.508125 1982.50875 269.98125 193.98000000000002
0 826.50875 1693.50875 505.98 341.98
0 1267.50875 1777.50875 273.98 189.98
0 2031.50875 1697.50875 421.98 242.98000000000002
0 2939.50875 1693.50875 315.98 265.98
0 3471.50875 1465.50875 176.98 311.98
0 3289.50875 765.50875 295.98 300.98
0 3445.50875 0.508125 202.98000000000002 96.97875
0 2689.50875 0.508125 97.98 92.97875
0 2073.50875 355.50875 185.98 243.98000000000002
0 2901.50875 409.50875 205.98000000000002 196.98000000000002
0 1583.50875 0.508125 215.98000000000002 96.97875
0 1047.50875 0.508125 124.98 111.97875
0 462.50875 0.508125 192.98000000000002 85.97875
0 3376.50875 2521.50875 271.98 214.98000000000002
0 1245.50875 2556.50875 360.98 179.98
