0 0.508125 0.50875 107.97875 153.98
0 142.508125 268.508125 246.98125000000002 280.98125
0 0.50875 500.50875 198.98000000000002 117.98
0 705.50875 363.50875 60.980000000000004 121.98
0 1248.50875 287.50875 159.98 238.98000000000002
0 686.50875 0.508125 94.98 104.97875
0 1051.50875 0.508125 128.98 104.97875
0 1575.50875 0.508125 140.98 92.97875
0 1822.50875 0.50875 94.98 172.98
0 2282.50875 310.50875 208.98000000000002 234.98000000000002
0 2658.50875 0.508125 113.98 96.97875
0 2966.50875 405.50875 147.98 181.98
0 3281.50875 268.508125 167.98 254.98125000000002
0 2768.50875 0.508125 151.98 88.97875
0 2293.50875 823.50875 387.98 299.98
0 1583.50875 865.50875 272.98 238.98000000000002
0 161.508125 1328.50875 182.98125000000002 166.98
0 758.50875 1651.50875 215.98000000000002 204.98000000000002
0 880.50875 1765.50875 569.98 277.98
0 1890.50875 1628.50875 220.98000000000002 262.98
0 2506.50875 1830.50875 159.98 200.98000000000002
0 3262.50875 1590.50875 254.98000000000002 231.98000000000002
0 3293.50875 770.50875 318.98 295.98
0 218.50875 2537.50875 102.98 198.98000000000002
0 1484.50875 2601.50875 90.98 134.98
0 3133.50875 2670.50875 132.98 65.98
