0 1562.50875 1095.50875 177.98 195.98000000000002
0 1160.50875 1306.50875 237.98000000000002 230.98000000000002
0 2278.50875 1395.50875 245.98000000000002 223.98000000000002
0 3315.50875 696.50875 270.98 245.98000000000002
0 2969.50875 579.50875 338.98 234.98000000000002
0 2713.50875 155.508125 202.98000000000002 266.98125
0 1128.50875 1794.50875 405.98 405.98
0 30.50875 2275.50875 192.98000000000002 244.98000000000002
0 59.50875 426.50875 266.98 351.98
0 501.50875 41.50875 145.98 220.98000000000002
0 625.50875 672.50875 302.98 248.98000000000002
0 857.50875 501.50875 166.98 305.98
0 1676.50875 476.50875 195.98000000000002 252.98000000000002
0 1943.50875 208.508125 238.98000000000002 284.98125
0 2292.50875 55.50875 231.98000000000002 316.98
0 1961.50875 821.50875 234.98000000000002 202.98000000000002
0 1544.50875 0.50875 227.98000000000002 225.98000000000002
0 2528.50875 2007.50875 212.98000000000002 217.98000000000002
0 1113.50875 757.50875 92.98 149.98
0 8.508750000000001 505.50875 151.98 175.98
