0 376.50875 501.50875 241.98000000000002 173.98
0 390.50875 711.50875 167.98 134.98
0 486.50875 1391.50875 156.98 188.98
0 1060.50875 935.50875 266.98 177.98
0 1808.50875 294.50875 117.98 241.98000000000002
0 3019.50875 981.50875 106.98 203.98000000000002
0 3254.50875 2036.50875 120.98 92.98
0 2082.50875 1284.50875 60.980000000000004 177.98
0 2738.50875 1584.50875 84.98 123.98
0 743.50875 2627.50875 151.98 108.98
0 3045.50875 526.50875 68.98 181.98
0 3397.50875 502.50875 139.98 190.98
