0 358.50875 458.50875 273.98 213.98000000000002
0 137.508125 1320.50875 213.98125000000002 191.98000000000002
0 280.50875 1687.50875 187.98 248.98000000000002
0 244.508125 2467.50875 227.98125000000002 88.98
0 1452.50875 2356.50875 234.98000000000002 192.98000000000002
0 672.50875 992.5087500000001 230.98000000000002 281.98
0 917.50875 112.508125 117.98 152.98125000000002
0 1812.50875 265.508125 130.98 231.98125000000002
0 2097.50875 465.50875 127.98 145.98
0 3048.50875 550.50875 113.98 138.98
0 3037.50875 924.50875 131.98 203.98000000000002
0 2104.50875 1220.50875 91.98 199.98000000000002
0 2748.50875 1477.50875 71.98 152.98
0 3276.50875 1961.50875 149.98 145.98
0 3208.50875 985.5087500000001 110.98 170.98
0 2437.50875 1502.50875 72.98 129.98
0 1354.50875 146.508125 51.980000000000004 221.98125000000002
0 944.50875 438.50875 63.980000000000004 145.98
0 843.50875 842.50875 63.980000000000004 127.98
0 50.50875 55.508125 63.980000000000004 108.98125
0 3473.50875 2593.50875 154.98 127.98
0 731.50875 2411.50875 172.98 205.98000000000002
0 2446.50875 91.50875 53.980000000000004 224.98000000000002
