0 37.50875 52.50875 135.98 145.98
0 365.50875 454.50875 263.98 209.98000000000002
0 119.508125 1274.50875 231.98125000000002 205.98000000000002
0 201.508125 2456.50875 252.98125000000002 110.98
0 1309.50875 2414.50875 166.98 127.98
0 525.50875 1338.50875 153.98 234.98000000000002
0 689.50875 967.50875 220.98000000000002 291.98
0 921.50875 80.508125 127.98 156.98125000000002
0 1063.50875 843.50875 263.98 212.98000000000002
0 1356.50875 1348.50875 152.98 149.98
0 1705.50875 1081.50875 244.98000000000002 177.98
0 1911.50875 369.50875 85.98 170.98
0 2406.50875 529.50875 224.98000000000002 188.98
0 3375.50875 493.50875 156.98 149.98
0 3233.50875 967.50875 99.98 188.98
0 2150.50875 1199.50875 95.98 159.98
0 2463.50875 1470.50875 67.98 170.98
0 3019.50875 1437.50875 113.98 170.98
0 3304.50875 1901.50875 177.98 166.98
0 1178.50875 2487.50875 111.98 123.98
0 3479.50875 2566.50875 168.98 133.98
0 1181.50875 456.50875 87.98 175.98
