0 0.508125 48.50875 125.97875 123.98
0 365.50875 458.50875 270.98 202.98000000000002
0 41.50875 1246.50875 274.98 201.98000000000002
0 515.50875 1352.50875 173.98 223.98000000000002
0 98.50875 2417.50875 323.98 142.98
0 1238.50875 2357.50875 245.98000000000002 198.98000000000002
0 1815.50875 2300.50875 188.98 205.98000000000002
0 683.50875 960.50875 237.98000000000002 324.98
0 910.50875 372.50875 103.98 131.98
0 1177.50875 394.50875 113.98 173.98
0 1209.50875 675.50875 142.98 234.98000000000002
0 1413.50875 77.50875 148.98 127.98
0 1744.50875 237.508125 195.98000000000002 206.98125000000002
0 2082.50875 401.50875 138.98 180.98
0 2342.50875 426.50875 302.98 277.98
0 3272.50875 109.508125 102.98 148.98125000000002
0 1281.50875 1310.50875 230.98000000000002 248.98000000000002
0 2036.50875 860.50875 99.98 174.98
0 1648.50875 1747.50875 237.98000000000002 163.98
0 2050.50875 1744.50875 142.98 238.98000000000002
0 2642.50875 1348.50875 195.98000000000002 267.98
0 3055.50875 900.50875 170.98 198.98000000000002
0 2713.50875 1762.50875 195.98000000000002 177.98
0 3333.50875 875.50875 141.98 162.98
0 3167.50875 2560.50875 172.98 164.98
0 650.50875 2510.50875 309.98 225.98000000000002
0 2643.50875 98.508125 76.98 177.98125000000002
0 1293.50875 84.50875 131.98 205.98000000000002
0 1949.50875 891.50875 68.98 95.98
