0 1225.50875 1372.50875 151.98 136.98
0 1572.50875 1286.50875 148.98 179.98
0 2089.50875 1260.50875 168.98 184.98
0 2238.50875 1268.50875 149.98 143.98
0 2575.50875 1255.50875 171.98 174.98
0 3018.50875 1868.50875 162.98 123.98
0 2527.50875 2317.50875 126.98 103.98
0 2370.50875 1949.50875 113.98 111.98
0 992.5087500000001 1914.50875 191.98000000000002 191.98000000000002
0 885.50875 964.50875 131.98 136.98
0 1141.50875 1017.5087500000001 65.98 100.98
0 450.50875 1015.5087500000001 153.98 146.98
0 652.50875 680.50875 159.98 166.98
0 1025.50875 612.50875 232.98000000000002 272.98
0 290.50875 647.50875 123.98 174.98
0 0.50875 749.50875 74.9775 115.98
0 1415.50875 804.50875 128.98 159.98
0 1595.50875 652.50875 146.98 164.98
0 2141.50875 541.50875 114.98 131.98
0 2296.50875 779.50875 159.98 222.98000000000002
0 3165.50875 1040.50875 192.98000000000002 194.98000000000002
0 3120.50875 1265.50875 189.98 212.98000000000002
0 3211.50875 761.50875 128.98 131.98
0 3201.50875 467.50875 161.98 149.98
0 2717.50875 424.50875 143.98 172.98
0 1653.50875 318.50875 98.98 153.98
0 1625.50875 19.50875 126.98 184.98
0 2023.50875 47.50875 100.98 179.98
0 2780.50875 54.50875 88.98 131.98
0 3522.50875 381.50875 122.98 136.98
0 3163.50875 98.508125 113.98 148.98125000000002
0 1230.50875 92.508125 98.98 174.98125000000002
0 764.50875 103.508125 201.98000000000002 171.98125000000002
0 926.50875 49.50875 110.98 182.98
0 488.50875 351.50875 72.98 110.98
0 224.508125 313.50875 136.98125000000002 174.98
0 0.50875 336.50875 51.980000000000004 103.98
0 2626.50875 0.50875 110.98 76.9775
0 1818.50875 212.508125 77.98 130.98125
0 0.50875 2578.50875 178.98 157.98
0 3574.50875 523.50875 73.98 114.98
0 309.50875 155.508125 59.980000000000004 133.98125
