0 9.508750000000001 27.50875 187.98 141.98
0 73.50875 1263.50875 259.98 238.98000000000002
0 194.508125 2407.50875 237.98125000000002 159.98
0 511.50875 1701.50875 405.98 241.98000000000002
0 404.50875 700.50875 156.98 149.98
0 921.50875 44.50875 220.98000000000002 135.98
0 736.50875 960.50875 212.98000000000002 309.98
0 1089.50875 853.50875 251.98000000000002 209.98000000000002
0 1167.50875 394.50875 180.98 184.98
0 1430.50875 52.508125 156.98 102.98125
0 1249.50875 2364.50875 244.98000000000002 198.98000000000002
0 1812.50875 2289.50875 205.98000000000002 173.98
0 1348.50875 1288.50875 231.98000000000002 273.98
0 1715.50875 1783.50875 195.98000000000002 124.98
0 1801.50875 219.508125 198.98000000000002 238.98125000000002
0 2360.50875 98.50875 99.98 77.98
0 2378.50875 415.50875 298.98 291.98
0 3297.50875 102.508125 95.98 187.98125000000002
0 3411.50875 429.50875 231.98000000000002 206.98000000000002
0 3375.50875 853.50875 149.98 192.98000000000002
0 2068.50875 857.50875 102.98 145.98
0 2029.50875 1772.50875 131.98 210.98000000000002
0 2438.50875 1423.50875 117.98 152.98
0 2706.50875 1715.50875 177.98 170.98
0 3265.50875 1890.50875 380.98 259.98
0 1101.50875 2465.50875 255.98000000000002 245.98000000000002
0 618.50875 2492.50875 314.98 243.98000000000002
0 3162.50875 2583.50875 186.98 141.98
0 1338.50875 116.50875 122.98 132.98
