0 0.50875 34.50875 168.98 120.98
0 394.50875 707.50875 166.98 142.98
0 80.50875 1238.50875 273.98 209.98000000000002
0 87.50875 2378.50875 348.98 177.98
0 497.50875 1672.50875 405.98 256.98
0 707.50875 939.50875 238.98000000000002 294.98
0 910.50875 362.50875 103.98 127.98
0 1163.50875 383.50875 152.98 163.98
0 1345.50875 126.50875 116.98 121.98
0 1071.50875 839.50875 280.98 216.98000000000002
0 1291.50875 1238.50875 238.98000000000002 309.98
0 1234.50875 2324.50875 256.98 217.98000000000002
0 1819.50875 2246.50875 209.98000000000002 206.98000000000002
0 1648.50875 1719.50875 248.98000000000002 156.98
0 1680.50875 1035.50875 291.98 220.98000000000002
0 1772.50875 226.508125 220.98000000000002 231.98125000000002
0 2321.50875 87.50875 99.98 103.98
0 2325.50875 390.50875 319.98 316.98
0 2086.50875 1160.50875 138.98 177.98
0 2371.50875 1356.50875 170.98 173.98
0 2706.50875 1708.50875 205.98000000000002 167.98
0 3237.50875 1819.50875 380.98 237.98000000000002
0 2916.50875 454.50875 266.98 177.98
0 3368.50875 393.50875 270.98 217.98000000000002
0 3340.50875 843.50875 145.98 180.98
0 2738.50875 102.50875 70.98 102.98
0 1106.50875 2446.50875 245.98000000000002 237.98000000000002
0 75.50875 2378.50875 496.98 346.98
0 3158.50875 2533.50875 131.98 145.98
