0 0.508125 20.50875 125.97875 127.98
0 387.50875 440.50875 262.98 216.98000000000002
0 2.50875 1231.50875 316.98 277.98
0 55.50875 2349.50875 380.98 206.98000000000002
0 1046.50875 2428.50875 91.98 102.98
0 1323.50875 2200.50875 373.98 359.98
0 422.50875 1263.50875 92.98 188.98
0 643.50875 971.50875 259.98 184.98
0 903.50875 340.50875 102.98 145.98
0 1060.50875 350.50875 216.98000000000002 231.98000000000002
0 1160.50875 675.50875 194.98000000000002 238.98000000000002
0 1206.50875 1537.50875 298.98 195.98000000000002
0 1929.50875 1737.50875 213.98000000000002 255.98000000000002
0 1299.50875 255.50875 95.98 163.98
0 1466.50875 287.50875 141.98 223.98000000000002
0 1886.50875 422.50875 106.98 156.98
0 1968.50875 1142.50875 266.98 198.98000000000002
0 1868.50875 803.50875 135.98 163.98
0 2189.50875 41.50875 206.98000000000002 177.98
0 2720.50875 34.50875 81.98 124.98
0 2855.50875 475.50875 306.98 174.98
0 3386.50875 429.50875 245.98000000000002 217.98000000000002
0 2481.50875 850.50875 95.98 177.98
0 2121.50875 1413.50875 317.98 198.98000000000002
0 2574.50875 1313.50875 277.98 220.98000000000002
0 2364.50875 2228.50875 319.98 288.98
0 3001.50875 1790.50875 117.98 177.98
0 3044.50875 875.50875 177.98 205.98000000000002
0 3554.50875 1616.50875 93.98 333.98
0 3272.50875 803.50875 174.98 153.98
0 3059.50875 148.508125 80.98 156.98125000000002
0 9.508750000000001 208.508125 88.9775 131.98125
0 595.50875 2574.50875 382.98 161.98
0 3126.50875 2469.50875 245.98000000000002 266.98
0 3185.50875 1512.50875 127.98 72.98
