0 2125.50875 1128.50875 266.98 280.98
0 447.50875 1954.50875 377.98 437.98
0 66.50875 1171.50875 320.98 273.98
0 1156.50875 1217.50875 291.98 148.98
0 1434.50875 1160.50875 302.98 287.98
0 3062.50875 1199.50875 312.98 252.98000000000002
0 3475.50875 614.50875 172.98 213.98000000000002
0 2987.50875 540.50875 316.98 237.98000000000002
0 2260.50875 48.50875 259.98 295.98
0 2307.50875 0.508125 106.98 122.97875
0 1630.50875 429.50875 223.98000000000002 295.98
0 1088.50875 704.50875 142.98 198.98000000000002
0 536.50875 533.50875 167.98 266.98
0 853.50875 454.50875 174.98 334.98
0 119.50875 248.508125 156.98 191.98125000000002
0 447.50875 0.50875 156.98 232.98000000000002
0 1113.50875 137.508125 234.98000000000002 184.98125000000002
0 1787.50875 0.50875 237.98000000000002 150.98
0 2695.50875 141.508125 199.98000000000002 241.98125000000002
0 2061.50875 803.50875 206.98000000000002 245.98000000000002
0 3561.50875 1370.50875 86.98 134.98
0 3571.50875 31.50875 76.98 155.98
0 190.508125 2131.50875 96.98125 121.98
