0 0.50875 30.50875 182.98 110.98
0 59.50875 437.50875 298.98 205.98000000000002
0 9.508750000000001 1171.50875 341.98 226.98000000000002
0 397.50875 707.50875 166.98 145.98
0 209.508125 1466.50875 319.98125 309.98
0 636.50875 2374.50875 270.98 181.98
0 1145.50875 2239.50875 259.98 298.98
0 1783.50875 2221.50875 242.98000000000002 266.98
0 565.50875 1330.50875 149.98 217.98000000000002
0 629.50875 594.50875 298.98 237.98000000000002
0 878.50875 23.50875 224.98000000000002 156.98
0 1035.50875 807.50875 255.98000000000002 220.98000000000002
0 1277.50875 1195.50875 284.98 277.98
0 1598.50875 1658.50875 319.98 167.98
0 1295.50875 262.50875 113.98 177.98
0 1462.50875 255.508125 138.98 230.98125000000002
0 1858.50875 404.50875 110.98 163.98
0 2040.50875 750.50875 220.98000000000002 213.98000000000002
0 1972.50875 1683.50875 198.98000000000002 263.98
0 2271.50875 1284.50875 206.98000000000002 156.98
0 2478.50875 835.50875 113.98 99.98
0 2385.50875 41.50875 142.98 145.98
0 2695.50875 754.50875 238.98000000000002 223.98000000000002
0 2577.50875 20.50875 138.98 195.98000000000002
0 3254.50875 73.50875 192.98000000000002 195.98000000000002
0 3030.50875 857.50875 230.98000000000002 223.98000000000002
0 3536.50875 672.50875 111.98 209.98000000000002
0 2610.50875 1281.50875 280.98 245.98000000000002
0 2257.50875 2410.50875 205.98000000000002 127.98
0 3005.50875 1715.50875 145.98 242.98000000000002
0 3133.50875 1712.50875 434.98 312.98
0 3087.50875 126.50875 70.98 160.98
0 185.50875 2328.50875 382.98 373.98
0 3135.50875 2428.50875 250.98000000000002 307.98
