0 0.508125 0.50875 115.97875 136.98
0 59.50875 408.50875 291.98 209.98000000000002
0 55.50875 1074.50875 309.98 248.98000000000002
0 529.50875 1474.50875 391.98 255.98000000000002
0 480.50875 1185.50875 102.98 198.98000000000002
0 679.50875 2236.50875 266.98 323.98
0 408.50875 401.50875 259.98 202.98000000000002
0 910.50875 315.50875 106.98 195.98000000000002
0 654.50875 518.50875 284.98 274.98
0 1163.50875 536.50875 188.98 298.98
0 1259.50875 1381.50875 263.98 180.98
0 1299.50875 248.508125 99.98 180.98125000000002
0 1459.50875 237.508125 155.98 255.98125000000002
0 1181.50875 2179.50875 270.98 205.98000000000002
0 1609.50875 1601.50875 298.98 174.98
0 1676.50875 1003.5087500000001 270.98 223.98000000000002
0 1876.50875 322.50875 91.98 238.98000000000002
0 2221.50875 16.50875 138.98 134.98
0 2638.50875 30.50875 138.98 170.98
0 2007.50875 629.50875 89.98 205.98000000000002
0 2000.50875 1028.50875 231.98000000000002 213.98000000000002
0 2264.50875 1195.50875 188.98 217.98000000000002
0 2289.50875 347.50875 330.98 305.98
0 3276.50875 20.50875 187.98 262.98
0 2691.50875 696.50875 245.98000000000002 252.98000000000002
0 2862.50875 1191.50875 302.98 377.98
0 1890.50875 2143.50875 259.98 227.98000000000002
0 2396.50875 2015.50875 337.98 294.98
0 3190.50875 2292.50875 241.98000000000002 256.98
0 3486.50875 1420.50875 161.98 259.98
0 3194.50875 772.50875 288.98 283.98
0 3331.50875 2451.50875 316.98 284.98
0 244.508125 2319.50875 336.98125 281.98
