0 27.509375000000002 102.50875 84.97875 212.98000000000002
0 80.50875 372.50875 284.98 206.98000000000002
0 411.50875 718.50875 156.98 141.98
0 94.50875 1060.50875 306.98 245.98000000000002
0 109.50875 2267.50875 426.98 281.98
0 486.50875 1199.50875 85.98 170.98
0 582.50875 1523.50875 352.98 245.98000000000002
0 1185.50875 2235.50875 280.98 210.98000000000002
0 1890.50875 2100.50875 259.98 206.98000000000002
0 426.50875 376.50875 241.98000000000002 216.98000000000002
0 924.50875 337.50875 92.98 159.98
0 1010.5087500000001 753.50875 277.98 267.98
0 1153.50875 525.50875 180.98 288.98
0 1402.50875 9.508750000000001 106.98 163.98
0 1231.50875 1256.50875 270.98 241.98000000000002
0 1569.50875 1530.50875 313.98 184.98
0 1722.50875 205.508125 217.98000000000002 216.98125000000002
0 2032.50875 391.50875 267.98 176.98
0 1950.50875 568.50875 124.98 238.98000000000002
0 1940.50875 1637.50875 216.98000000000002 202.98000000000002
0 2264.50875 1152.50875 202.98000000000002 220.98000000000002
0 2335.50875 761.50875 131.98 184.98
0 2367.50875 41.50875 163.98 145.98
0 2691.50875 647.50875 256.98 227.98000000000002
0 2610.50875 1477.50875 230.98000000000002 195.98000000000002
0 2378.50875 1933.50875 280.98 287.98
0 3104.50875 41.50875 78.98 174.98
0 3308.50875 533.50875 131.98 120.98
0 3194.50875 754.50875 277.98 251.98000000000002
0 2984.50875 1590.50875 163.98 221.98000000000002
0 3098.50875 1477.50875 369.98 273.98
0 3354.50875 226.50875 74.98 120.98
0 3266.50875 2432.50875 381.98 303.98
