0 69.508125 20.509375000000002 138.98125000000002 84.97875
0 84.50875 401.50875 262.98 180.98
0 69.50875 1081.50875 313.98 245.98000000000002
0 112.50875 2264.50875 427.98 341.98
0 230.508125 1402.50875 344.98125 298.98
0 411.50875 714.50875 138.98 138.98
0 707.50875 860.50875 220.98000000000002 274.98
0 914.50875 340.50875 88.98 181.98
0 1138.50875 315.50875 142.98 185.98
0 1420.50875 0.50875 116.98 165.98
0 1010.5087500000001 774.50875 287.98 227.98000000000002
0 615.50875 1594.50875 341.98 163.98
0 1420.50875 2068.50875 309.98 337.98
0 1249.50875 1224.50875 266.98 269.98
0 1722.50875 169.508125 221.98000000000002 249.98125000000002
0 2036.50875 718.50875 156.98 220.98000000000002
0 1598.50875 1512.50875 309.98 160.98
0 1905.50875 2068.50875 255.98000000000002 227.98000000000002
0 2399.50875 1890.50875 288.98 302.98
0 2321.50875 778.50875 177.98 220.98000000000002
0 2360.50875 20.50875 138.98 152.98
0 3126.50875 69.50875 70.98 149.98
0 2895.50875 394.50875 291.98 202.98000000000002
0 3048.50875 785.50875 180.98 224.98000000000002
0 3204.50875 843.50875 284.98 141.98
0 2517.50875 1380.50875 206.98000000000002 242.98000000000002
0 3418.50875 1242.50875 229.98000000000002 341.98
0 3162.50875 2164.50875 245.98000000000002 327.98
0 3509.50875 2597.50875 138.98 138.98
0 1293.50875 221.508125 95.98 163.98125000000002
