0 59.508125 109.508125 70.98125 141.98125000000002
0 116.50875 643.50875 123.98 127.98
0 148.50875 1420.50875 369.98 280.98
0 611.50875 2211.50875 302.98 269.98
0 526.50875 1352.50875 177.98 184.98
0 394.50875 700.50875 163.98 142.98
0 611.50875 568.50875 284.98 209.98000000000002
0 967.50875 12.508750000000001 195.98000000000002 124.98
0 1014.5087500000001 782.50875 280.98 238.98000000000002
0 519.50875 1580.50875 372.98 170.98
0 1626.50875 939.50875 306.98 220.98000000000002
0 1231.50875 1989.50875 298.98 260.98
0 2018.50875 1936.50875 241.98000000000002 202.98000000000002
0 2510.50875 1790.50875 266.98 309.98
0 3268.50875 1280.50875 327.98 317.98
0 1466.50875 286.50875 124.98 231.98000000000002
0 1719.50875 187.508125 227.98000000000002 263.98125
0 2025.50875 411.50875 188.98 163.98
0 2374.50875 48.50875 156.98 117.98
0 2339.50875 340.50875 266.98 291.98
0 2061.50875 664.50875 163.98 270.98
0 2332.50875 775.50875 173.98 166.98
0 2901.50875 423.50875 285.98 170.98
0 3069.50875 782.50875 198.98000000000002 227.98000000000002
0 2709.50875 1021.5087500000001 238.98000000000002 298.98
0 2916.50875 1060.50875 277.98 387.98
0 3318.50875 490.50875 174.98 127.98
0 3317.50875 2460.50875 330.98 275.98
0 796.50875 2310.50875 227.98000000000002 336.98
