0 0.50875 20.509375000000002 143.98 91.97875
0 59.50875 404.50875 216.98000000000002 242.98000000000002
0 12.508750000000001 1188.50875 324.98 234.98000000000002
0 105.50875 2388.50875 327.98 188.98
0 989.5087500000001 2357.50875 301.98 209.98000000000002
0 1366.50875 2346.50875 305.98 191.98000000000002
0 558.50875 1345.50875 148.98 220.98000000000002
0 379.50875 700.50875 192.98000000000002 166.98
0 903.50875 340.50875 113.98 117.98
0 622.50875 530.50875 326.98 279.98
0 1046.50875 779.50875 244.98000000000002 276.98
0 1138.50875 326.50875 152.98 206.98000000000002
0 1277.50875 34.50875 149.98 223.98000000000002
0 1494.50875 276.508125 131.98 256.98125
0 1876.50875 351.50875 109.98 209.98000000000002
0 2232.50875 12.508750000000001 135.98 124.98
0 2602.50875 27.50875 153.98 198.98000000000002
0 2342.50875 375.50875 281.98 256.98
0 1961.50875 785.50875 220.98000000000002 220.98000000000002
0 1245.50875 1437.50875 238.98000000000002 199.98000000000002
0 1630.50875 1010.5087500000001 295.98 252.98000000000002
0 1929.50875 1726.50875 209.98000000000002 241.98000000000002
0 2364.50875 1309.50875 113.98 199.98000000000002
0 2503.50875 793.50875 127.98 159.98
0 2873.50875 451.50875 256.98 202.98000000000002
0 3037.50875 875.50875 174.98 212.98000000000002
0 3208.50875 942.50875 273.98 131.98
0 2634.50875 1626.50875 235.98000000000002 227.98000000000002
0 2859.50875 1295.50875 320.98 206.98000000000002
0 3002.50875 1737.50875 187.98 198.98000000000002
0 3304.50875 536.50875 103.98 149.98
0 559.50875 2478.50875 404.98 255.98000000000002
0 3076.50875 2433.50875 277.98 302.98
0 3536.50875 1648.50875 111.98 250.98000000000002
0 1977.50875 0.50875 104.98 79.9775
