0 219.508125 2512.50875 156.98125000000002 136.98
0 407.50875 1835.50875 193.98000000000002 182.98
0 1891.50875 2018.50875 90.98 95.98
0 2150.50875 2370.50875 57.980000000000004 83.98
0 2375.50875 2193.50875 133.98 186.98
0 2304.50875 1407.50875 184.98 116.98
0 2243.50875 1266.50875 147.98 166.98
0 1899.50875 1374.50875 115.98 134.98
0 1792.50875 1258.50875 141.98 219.98000000000002
0 1374.50875 1293.50875 131.98 194.98000000000002
0 206.508125 1151.50875 139.98125000000002 96.98
0 417.50875 1035.50875 158.98 110.98
0 1118.50875 977.50875 111.98 125.98
0 850.50875 987.5087500000001 138.98 133.98
0 662.50875 665.50875 144.98 179.98
0 285.50875 592.50875 125.98 189.98
0 1458.50875 695.50875 131.98 207.98000000000002
0 1354.50875 675.50875 126.98 182.98
0 1574.50875 637.50875 106.98 113.98
0 926.50875 668.50875 126.98 105.98
0 2340.50875 759.50875 120.98 214.98000000000002
0 2365.50875 467.50875 98.98 174.98
0 2722.50875 419.50875 121.98 154.98
0 3198.50875 746.50875 179.98 174.98
0 3049.50875 1298.50875 113.98 189.98
0 3026.50875 1873.50875 159.98 141.98
0 3325.50875 2086.50875 159.98 111.98
0 1643.50875 275.50875 133.98 166.98
0 422.50875 320.50875 115.98 157.98
0 57.50875 229.508125 128.98 212.98125000000002
0 320.50875 0.50875 129.98 127.98
0 939.50875 67.50875 105.98 164.98
0 1225.50875 0.50875 98.98 129.98
0 1362.50875 113.508125 77.98 163.98125000000002
0 1658.50875 0.50875 118.98 190.98
0 2063.50875 57.508125 83.98 90.98125
0 2628.50875 0.50875 136.98 56.980000000000004
0 2818.50875 82.508125 136.98 151.98125000000002
0 3044.50875 227.50875 65.98 108.98
0 3538.50875 391.50875 109.98 101.98
0 3201.50875 493.50875 151.98 146.98
0 3315.50875 34.50875 85.98 166.98
0 0.50875 812.50875 38.980000000000004 67.98
0 0.50875 335.50875 67.9775 114.98
0 3510.50875 79.508125 137.98 148.98125000000002
