0 0.50875 16.50875 161.98 124.98
0 73.50875 404.50875 181.98 227.98000000000002
0 5.50875 1213.50875 291.98 234.98000000000002
0 84.50875 2346.50875 359.98 216.98000000000002
0 404.50875 1234.50875 117.98 185.98
0 412.50875 715.50875 166.98 159.98
0 889.50875 23.50875 212.98000000000002 152.98
0 636.50875 597.50875 302.98 252.98000000000002
0 1010.5087500000001 817.50875 273.98 242.98000000000002
0 1088.50875 322.50875 213.98000000000002 224.98000000000002
0 1366.50875 0.50875 160.98 211.98000000000002
0 1474.50875 290.508125 130.98 263.98125
0 1872.50875 372.50875 106.98 202.98000000000002
0 1209.50875 1498.50875 299.98 184.98
0 1134.50875 2271.50875 270.98 266.98
0 1537.50875 1680.50875 338.98 159.98
0 1897.50875 696.50875 174.98 188.98
0 1915.50875 1705.50875 205.98000000000002 259.98
0 2000.50875 778.50875 210.98000000000002 195.98000000000002
0 2228.50875 20.50875 153.98 145.98
0 2585.50875 37.50875 148.98 199.98000000000002
0 2296.50875 836.50875 209.98000000000002 191.98000000000002
0 2695.50875 761.50875 273.98 187.98
0 2873.50875 479.50875 277.98 156.98
0 3308.50875 543.50875 127.98 117.98
0 3286.50875 814.50875 192.98000000000002 181.98
0 2310.50875 1316.50875 202.98000000000002 170.98
0 2596.50875 1291.50875 265.98 238.98000000000002
0 2656.50875 1637.50875 227.98000000000002 227.98000000000002
0 3015.50875 1730.50875 196.98000000000002 209.98000000000002
0 3169.50875 1740.50875 380.98 309.98
0 627.50875 2474.50875 341.98 259.98
0 3076.50875 2442.50875 272.98 293.98
0 3546.50875 94.508125 95.98 144.98125000000002
