0 0.508125 41.50875 125.97875 77.98
0 66.50875 415.50875 177.98 227.98000000000002
0 16.50875 1227.50875 298.98 217.98000000000002
0 98.50875 2349.50875 323.98 220.98000000000002
0 518.50875 1359.50875 142.98 206.98000000000002
0 411.50875 739.50875 167.98 113.98
0 611.50875 626.50875 277.98 208.98000000000002
0 942.50875 2313.50875 295.98 242.98000000000002
0 1313.50875 2232.50875 294.98 223.98000000000002
0 1074.50875 1302.50875 206.98000000000002 224.98000000000002
0 900.50875 333.50875 105.98 177.98
0 1095.50875 547.50875 163.98 284.98
0 1366.50875 5.50875 113.98 163.98
0 1441.50875 244.508125 117.98 252.98125000000002
0 1420.50875 1576.50875 330.98 167.98
0 1615.50875 957.50875 209.98000000000002 237.98000000000002
0 2015.50875 373.50875 184.98 194.98000000000002
0 1847.50875 565.50875 113.98 170.98
0 1933.50875 1049.50875 209.98000000000002 224.98000000000002
0 2339.50875 340.50875 262.98 245.98000000000002
0 2104.50875 1281.50875 234.98000000000002 209.98000000000002
0 2353.50875 2040.50875 302.98 276.98
0 2592.50875 1277.50875 245.98000000000002 209.98000000000002
0 2577.50875 37.50875 167.98 163.98
0 3069.50875 87.508125 102.98 142.98125000000002
0 2895.50875 465.50875 262.98 159.98
0 3016.50875 846.50875 191.98000000000002 245.98000000000002
0 2870.50875 1248.50875 301.98 234.98000000000002
0 2987.50875 1712.50875 206.98000000000002 245.98000000000002
0 3525.50875 1705.50875 122.98 198.98000000000002
0 3340.50875 191.508125 99.98 116.98125
0 504.50875 2497.50875 382.98 238.98000000000002
0 3390.50875 2565.50875 223.98000000000002 170.98
0 1092.50875 294.50875 131.98 218.98000000000002
