0 0.50875 20.50875 168.98 113.98
0 91.50875 436.50875 202.98000000000002 195.98000000000002
0 87.50875 1138.50875 299.98 217.98000000000002
0 87.50875 2346.50875 359.98 209.98000000000002
0 550.50875 1352.50875 145.98 209.98000000000002
0 436.50875 753.50875 142.98 113.98
0 646.50875 597.50875 295.98 241.98000000000002
0 1014.5087500000001 2378.50875 234.98000000000002 184.98
0 1430.50875 2210.50875 295.98 342.98
0 903.50875 337.50875 102.98 212.98000000000002
0 1046.50875 814.50875 237.98000000000002 216.98000000000002
0 1085.50875 354.50875 223.98000000000002 181.98
0 1395.50875 23.50875 141.98 149.98
0 1462.50875 308.50875 145.98 216.98000000000002
0 1238.50875 1498.50875 259.98 199.98000000000002
0 1890.50875 1730.50875 251.98000000000002 227.98000000000002
0 1740.50875 244.508125 199.98000000000002 206.98125000000002
0 1933.50875 696.50875 113.98 195.98000000000002
0 2033.50875 1156.50875 201.98000000000002 166.98
0 2072.50875 440.50875 148.98 145.98
0 2389.50875 20.50875 120.98 138.98
0 2381.50875 387.50875 256.98 301.98
0 2713.50875 764.50875 241.98000000000002 188.98
0 2349.50875 1341.50875 185.98 149.98
0 2478.50875 2214.50875 298.98 316.98
0 2898.50875 1298.50875 316.98 370.98
0 3457.50875 436.50875 128.98 178.98
0 3066.50875 885.50875 202.98000000000002 209.98000000000002
0 3230.50875 939.50875 262.98 144.98
0 3030.50875 1712.50875 213.98000000000002 223.98000000000002
0 3351.50875 198.508125 98.98 109.98125
0 3126.50875 2460.50875 263.98 275.98
0 572.50875 2369.50875 268.98 355.98
0 244.508125 2451.50875 319.98125 268.98
