0 2.50875 34.509375 159.98 91.97875
0 55.50875 433.50875 245.98000000000002 205.98000000000002
0 41.50875 1178.50875 305.98 205.98000000000002
0 184.50875 1491.50875 373.98 320.98
0 554.50875 1348.50875 138.98 210.98000000000002
0 422.50875 750.50875 159.98 120.98
0 914.50875 340.50875 102.98 174.98
0 675.50875 935.50875 206.98000000000002 277.98
0 1074.50875 326.50875 195.98000000000002 223.98000000000002
0 1395.50875 9.508750000000001 134.98 216.98000000000002
0 1177.50875 675.50875 178.98 245.98000000000002
0 1252.50875 1163.50875 270.98 323.98
0 1131.50875 2300.50875 277.98 255.98000000000002
0 1598.50875 1659.50875 309.98 152.98
0 1502.50875 330.50875 141.98 191.98000000000002
0 1972.50875 696.50875 124.98 195.98000000000002
0 2043.50875 1135.50875 202.98000000000002 191.98000000000002
0 1801.50875 2249.50875 255.98000000000002 281.98
0 2257.50875 1398.50875 277.98 167.98
0 2599.50875 1299.50875 270.98 219.98000000000002
0 2072.50875 429.50875 237.98000000000002 156.98
0 2403.50875 20.50875 145.98 155.98
0 2374.50875 401.50875 266.98 291.98
0 2471.50875 2218.50875 319.98 319.98
0 2734.50875 758.50875 227.98000000000002 187.98
0 2891.50875 497.50875 263.98 152.98
0 3315.50875 547.50875 106.98 109.98
0 3311.50875 807.50875 206.98000000000002 191.98000000000002
0 2905.50875 1284.50875 313.98 195.98000000000002
0 3044.50875 1712.50875 202.98000000000002 216.98000000000002
0 3343.50875 180.508125 81.98 113.98125
0 3117.50875 2442.50875 263.98 293.98
0 1042.50875 2415.50875 300.98 304.98
0 591.50875 2483.50875 368.98 252.98000000000002
0 2720.50875 455.50875 72.98 131.98
