0 0.50875 23.50875 158.98 120.98
0 73.50875 433.50875 234.98000000000002 209.98000000000002
0 12.508750000000001 1209.50875 306.98 235.98000000000002
0 558.50875 1712.50875 291.98 209.98000000000002
0 525.50875 1370.50875 174.98 205.98000000000002
0 401.50875 429.50875 248.98000000000002 195.98000000000002
0 686.50875 907.50875 220.98000000000002 301.98
0 924.50875 45.50875 210.98000000000002 123.98
0 1028.50875 807.50875 259.98 238.98000000000002
0 1299.50875 283.50875 120.98 149.98
0 1516.50875 319.50875 138.98 202.98000000000002
0 1288.50875 1117.50875 259.98 323.98
0 1152.50875 2278.50875 288.98 231.98000000000002
0 1633.50875 1612.50875 316.98 177.98
0 1929.50875 689.50875 181.98 163.98
0 2050.50875 1120.50875 199.98000000000002 174.98
0 2075.50875 401.50875 192.98000000000002 173.98
0 2435.50875 16.50875 127.98 138.98
0 2389.50875 397.50875 273.98 274.98
0 2382.50875 1338.50875 194.98000000000002 166.98
0 1847.50875 2222.50875 256.98 258.98
0 2634.50875 1299.50875 267.98 234.98000000000002
0 2738.50875 767.50875 241.98000000000002 199.98000000000002
0 2959.50875 476.50875 209.98000000000002 155.98
0 3322.50875 554.50875 138.98 106.98
0 3318.50875 814.50875 199.98000000000002 199.98000000000002
0 2909.50875 1280.50875 316.98 206.98000000000002
0 3276.50875 1704.50875 291.98 292.98
0 130.50875 2337.50875 432.98 391.98
0 600.50875 2360.50875 236.98000000000002 375.98
0 1078.50875 2396.50875 296.98 259.98
0 3153.50875 2387.50875 300.98 348.98
