0 0.50875 30.50875 147.98 103.98
0 59.50875 444.50875 248.98000000000002 202.98000000000002
0 5.50875 1231.50875 295.98 266.98
0 472.50875 1740.50875 384.98 178.98
0 379.50875 729.50875 192.98000000000002 137.98
0 914.50875 45.50875 198.98000000000002 145.98
0 640.50875 625.50875 294.98 249.98000000000002
0 522.50875 1366.50875 163.98 220.98000000000002
0 1395.50875 2197.50875 319.98 340.98
0 1014.5087500000001 822.50875 269.98 233.98000000000002
0 1281.50875 287.50875 102.98 177.98
0 1487.50875 330.50875 142.98 209.98000000000002
0 1209.50875 1534.50875 309.98 173.98
0 1655.50875 1027.50875 248.98000000000002 238.98000000000002
0 2254.50875 41.50875 159.98 131.98
0 1911.50875 422.50875 74.98 170.98
0 2018.50875 800.50875 177.98 184.98
0 1911.50875 1734.50875 238.98000000000002 248.98000000000002
0 2218.50875 1380.50875 294.98 199.98000000000002
0 2278.50875 842.50875 227.98000000000002 174.98
0 2599.50875 48.50875 191.98000000000002 181.98
0 2709.50875 768.50875 224.98000000000002 205.98000000000002
0 2684.50875 1690.50875 210.98000000000002 217.98000000000002
0 3044.50875 141.508125 99.98 166.98125000000002
0 3447.50875 397.50875 163.98 234.98000000000002
0 3058.50875 889.50875 242.98000000000002 198.98000000000002
0 3258.50875 942.50875 216.98000000000002 149.98
0 3030.50875 1755.50875 223.98000000000002 205.98000000000002
0 3244.50875 1423.50875 138.98 135.98
0 112.50875 2337.50875 446.98 364.98
0 558.50875 2346.50875 264.98 389.98
0 1019.5087500000001 2405.50875 241.98000000000002 268.98
0 3126.50875 2469.50875 241.98000000000002 266.98
0 1986.50875 0.508125 108.98 88.97875
0 1265.50875 75.50875 145.98 191.98000000000002
