0 0.50875 2.50875 158.98 156.98
0 41.50875 422.50875 252.98000000000002 220.98000000000002
0 48.50875 1206.50875 327.98 216.98000000000002
0 390.50875 433.50875 256.98 191.98000000000002
0 433.50875 1242.50875 113.98 173.98
0 547.50875 1701.50875 319.98 199.98000000000002
0 668.50875 564.50875 295.98 270.98
0 896.50875 347.50875 127.98 174.98
0 1177.50875 657.50875 202.98000000000002 252.98000000000002
0 1231.50875 1519.50875 277.98 192.98000000000002
0 1405.50875 2321.50875 345.98 216.98000000000002
0 1669.50875 1049.50875 259.98 224.98000000000002
0 1302.50875 84.508125 152.98 166.98125000000002
0 1298.50875 294.50875 81.98 184.98
0 1730.50875 234.508125 223.98000000000002 237.98125000000002
0 1883.50875 711.50875 213.98000000000002 209.98000000000002
0 2032.50875 1149.50875 227.98000000000002 166.98
0 1780.50875 2278.50875 262.98 274.98
0 2357.50875 1356.50875 180.98 177.98
0 2064.50875 412.50875 256.98 177.98
0 2374.50875 13.508750000000001 170.98 155.98
0 2353.50875 394.50875 277.98 298.98
0 2488.50875 757.50875 199.98000000000002 170.98
0 2617.50875 1366.50875 266.98 174.98
0 3062.50875 1769.50875 231.98000000000002 198.98000000000002
0 2912.50875 1316.50875 316.98 202.98000000000002
0 3051.50875 141.508125 110.98 131.98125
0 2884.50875 476.50875 273.98 170.98
0 3390.50875 383.50875 241.98000000000002 234.98000000000002
0 3258.50875 911.50875 156.98 187.98
0 112.50875 2364.50875 327.98 291.98
0 604.50875 2351.50875 273.98 345.98
0 2314.50875 2465.50875 223.98000000000002 270.98
0 3450.50875 2570.50875 197.98000000000002 165.98
