0 2.50875 12.508750000000001 177.98 138.98
0 69.50875 440.50875 188.98 198.98000000000002
0 0.50875 1263.50875 289.98 255.98000000000002
0 440.50875 1673.50875 369.98 237.98000000000002
0 529.50875 1359.50875 155.98 227.98000000000002
0 401.50875 429.50875 248.98000000000002 199.98000000000002
0 672.50875 946.50875 219.98000000000002 262.98
0 1163.50875 664.50875 188.98 245.98000000000002
0 907.50875 41.50875 209.98000000000002 141.98
0 1277.50875 62.50875 142.98 195.98000000000002
0 1053.50875 375.50875 223.98000000000002 182.98
0 1502.50875 315.50875 116.98 224.98000000000002
0 1719.50875 234.508125 206.98000000000002 244.98125000000002
0 1195.50875 1205.50875 295.98 296.98
0 1163.50875 2328.50875 316.98 224.98000000000002
0 1787.50875 2286.50875 255.98000000000002 251.98000000000002
0 1669.50875 1024.50875 270.98 249.98000000000002
0 2040.50875 782.50875 187.98 191.98000000000002
0 1972.50875 1715.50875 216.98000000000002 227.98000000000002
0 2250.50875 1380.50875 273.98 220.98000000000002
0 2442.50875 2207.50875 334.98 309.98
0 2260.50875 0.50875 159.98 143.98
0 2603.50875 34.50875 194.98000000000002 205.98000000000002
0 2300.50875 843.50875 134.98 187.98
0 2649.50875 1359.50875 252.98000000000002 206.98000000000002
0 2724.50875 774.50875 255.98000000000002 221.98000000000002
0 3044.50875 80.50875 135.98 177.98
0 3400.50875 426.50875 210.98000000000002 191.98000000000002
0 3041.50875 860.50875 195.98000000000002 238.98000000000002
0 3237.50875 928.50875 284.98 170.98
0 3290.50875 1430.50875 138.98 139.98
0 3286.50875 1768.50875 352.98 285.98
0 212.508125 2401.50875 241.98125000000002 259.98
0 568.50875 2378.50875 245.98000000000002 357.98
0 1037.50875 2415.50875 273.98 263.98
0 3094.50875 2446.50875 300.98 289.98
0 1995.50875 0.508125 95.98 92.97875
