0 0.50875 16.50875 165.98 134.98
0 66.50875 419.50875 184.98 216.98000000000002
0 9.508750000000001 1217.50875 287.98 244.98000000000002
0 401.50875 433.50875 248.98000000000002 202.98000000000002
0 390.50875 721.50875 174.98 145.98
0 380.50875 1249.50875 116.98 159.98
0 529.50875 1658.50875 323.98 302.98
0 1142.50875 2293.50875 280.98 262.98
0 942.50875 1726.50875 110.98 106.98
0 910.50875 41.50875 195.98000000000002 152.98
0 1060.50875 362.50875 202.98000000000002 195.98000000000002
0 1160.50875 672.50875 187.98 259.98
0 1202.50875 1505.50875 295.98 188.98
0 1769.50875 2286.50875 266.98 226.98000000000002
0 1380.50875 16.50875 163.98 202.98000000000002
0 1494.50875 305.50875 128.98 241.98000000000002
0 1658.50875 41.50875 118.98 188.98
0 1869.50875 422.50875 137.98 167.98
0 2025.50875 795.50875 199.98000000000002 192.98000000000002
0 2264.50875 34.50875 109.98 145.98
0 2577.50875 37.50875 181.98 206.98000000000002
0 2307.50875 850.50875 131.98 180.98
0 1968.50875 1704.50875 209.98000000000002 238.98000000000002
0 2249.50875 1398.50875 267.98 209.98000000000002
0 2470.50875 757.50875 196.98000000000002 162.98
0 2745.50875 411.50875 109.98 128.98
0 3069.50875 88.50875 117.98 184.98
0 3290.50875 543.50875 141.98 120.98
0 3058.50875 882.50875 178.98 212.98000000000002
0 3251.50875 939.50875 270.98 163.98
0 2912.50875 1306.50875 305.98 198.98000000000002
0 2709.50875 1719.50875 209.98000000000002 220.98000000000002
0 3058.50875 1758.50875 238.98000000000002 234.98000000000002
0 180.508125 2369.50875 273.98125 273.98
0 540.50875 2323.50875 259.98 387.98
0 2291.50875 2456.50875 250.98000000000002 279.98
0 3395.50875 2583.50875 252.98000000000002 152.98
0 1986.50875 0.508125 108.98 83.97875
0 454.50875 303.50875 49.980000000000004 109.98
