0 1338.50875 1213.50875 280.98 309.98
0 2040.50875 1345.50875 113.98 216.98000000000002
0 1031.50875 1804.50875 423.98 459.98
0 479.50875 672.50875 284.98 355.98
0 846.50875 650.50875 131.98 266.98
0 0.50875 1245.50875 172.98 256.98
0 1266.50875 169.508125 231.98000000000002 270.98125
0 1598.50875 5.50875 227.98000000000002 284.98
0 1815.50875 571.50875 202.98000000000002 217.98000000000002
0 2029.50875 878.50875 170.98 252.98000000000002
0 2143.50875 94.50875 166.98 370.98
0 2663.50875 116.50875 238.98000000000002 266.98
0 3529.50875 2.50875 118.98 216.98000000000002
0 3333.50875 810.50875 152.98 181.98
0 2880.50875 647.50875 309.98 173.98
