0 2223.50875 733.50875 245.98000000000002 245.98000000000002
0 2782.50875 1020.5087500000001 293.98 302.98
0 2398.50875 1258.50875 381.98 341.98
0 2760.50875 1858.50875 235.98000000000002 207.98000000000002
0 3426.50875 1808.50875 221.98000000000002 211.98000000000002
0 3214.50875 1519.50875 130.98 151.98
0 2877.50875 445.50875 168.98 135.98
0 2595.50875 133.508125 207.98000000000002 240.98125000000002
0 2968.50875 0.508125 245.98000000000002 114.97875
0 2099.50875 0.50875 381.98 302.98
0 1625.50875 0.50875 427.98 325.98
0 1498.50875 559.50875 250.98000000000002 272.98
0 1205.50875 153.508125 295.98 268.98125
0 865.50875 1083.50875 334.98 331.98
0 635.50875 1820.50875 214.98000000000002 356.98
0 80.50875 1704.50875 343.98 437.98
0 77.50875 938.50875 250.98000000000002 329.98
0 110.50875 206.508125 263.98 230.98125000000002
0 574.50875 399.50875 234.98000000000002 207.98000000000002
0 313.50875 0.508125 148.98 84.97875
0 1182.50875 1562.50875 313.98 384.98
0 2071.50875 2018.50875 232.98000000000002 115.98
