0 2524.50875 2314.50875 195.98000000000002 144.98
0 1853.50875 2008.50875 83.98 90.98
0 956.50875 1896.50875 210.98000000000002 189.98
0 2998.50875 1967.50875 151.98 98.98
0 3340.50875 2162.50875 169.98 93.98
0 0.50875 2570.50875 142.98 136.98
0 201.508125 1078.50875 225.98125000000002 156.98
0 485.50875 1139.50875 93.98 82.98
0 1116.50875 999.5087500000001 118.98 98.98
0 637.50875 703.50875 138.98 125.98
0 250.50875 597.50875 138.98 186.98
0 401.50875 313.50875 121.98 166.98
0 153.508125 338.50875 159.98125000000002 177.98
0 880.50875 731.50875 96.98 82.98
0 992.5087500000001 652.50875 232.98000000000002 255.98000000000002
0 1344.50875 1331.50875 123.98 169.98
0 1757.50875 1276.50875 199.98000000000002 221.98000000000002
0 1848.50875 1255.50875 169.98 202.98000000000002
0 2160.50875 1217.50875 110.98 106.98
0 2281.50875 1433.50875 154.98 118.98
0 2676.50875 1334.50875 111.98 151.98
0 2243.50875 850.50875 111.98 131.98
0 2195.50875 554.50875 100.98 123.98
0 1754.50875 695.50875 123.98 174.98
0 1403.50875 812.50875 143.98 123.98
0 3039.50875 1131.50875 191.98000000000002 149.98
0 3277.50875 574.50875 136.98 123.98
0 3555.50875 442.50875 78.98 108.98
0 2811.50875 513.50875 125.98 159.98
0 2522.50875 508.50875 159.98 151.98
0 3487.50875 98.508125 113.98 143.98125000000002
0 2780.50875 141.508125 116.98 133.98125
0 2046.50875 83.508125 100.98 150.98125000000002
0 1843.50875 60.508125 133.98 90.98125
0 1276.50875 156.508125 107.98 100.98125
0 1121.50875 4.508125 103.98 115.97875
0 797.50875 151.508125 103.98 161.98125000000002
0 201.508125 1.50875 154.98125000000002 177.98
0 2081.50875 298.50875 30.98 97.98
0 3082.50875 1377.50875 113.98 158.98
0 2065.50875 974.50875 28.98 80.98
0 3367.50875 173.508125 38.980000000000004 106.98125
0 3002.50875 246.50875 93.98 100.98
0 2126.50875 2359.50875 60.980000000000004 87.98
0 1895.50875 1037.50875 42.980000000000004 69.98
0 1804.50875 277.50875 69.98 99.98
0 3042.50875 772.50875 111.98 188.98
