0 0.50875 9.508750000000001 161.98 145.98
0 59.50875 436.50875 195.98000000000002 210.98000000000002
0 12.508750000000001 1255.50875 292.98 267.98
0 444.50875 1690.50875 373.98 249.98000000000002
0 547.50875 1370.50875 141.98 220.98000000000002
0 408.50875 440.50875 230.98000000000002 191.98000000000002
0 643.50875 625.50875 313.98 245.98000000000002
0 914.50875 45.50875 205.98000000000002 152.98
0 1070.50875 358.50875 228.98000000000002 195.98000000000002
0 1281.50875 69.50875 145.98 195.98000000000002
0 1509.50875 319.50875 113.98 220.98000000000002
0 1174.50875 689.50875 177.98 210.98000000000002
0 974.50875 1758.50875 124.98 95.98
0 1726.50875 258.508125 191.98000000000002 227.98125000000002
0 1224.50875 1523.50875 309.98 195.98000000000002
0 1413.50875 2246.50875 308.98 306.98
0 1779.50875 2317.50875 256.98 238.98000000000002
0 1975.50875 1737.50875 210.98000000000002 227.98000000000002
0 1954.50875 739.50875 142.98 181.98
0 2054.50875 401.50875 181.98 202.98000000000002
0 2414.50875 34.50875 138.98 134.98
0 2399.50875 401.50875 256.98 255.98000000000002
0 2499.50875 742.50875 174.98 224.98000000000002
0 2268.50875 1405.50875 259.98 192.98000000000002
0 2446.50875 2232.50875 341.98 309.98
0 2642.50875 1334.50875 248.98000000000002 227.98000000000002
0 2781.50875 404.50875 80.98 153.98
0 3055.50875 52.50875 120.98 187.98
0 3300.50875 561.50875 142.98 102.98
0 3062.50875 867.50875 188.98 224.98000000000002
0 3240.50875 949.50875 277.98 174.98
0 3286.50875 1434.50875 145.98 145.98
0 3297.50875 1787.50875 330.98 252.98000000000002
0 135.50875 2337.50875 464.98 396.98
0 627.50875 2529.50875 332.98 206.98000000000002
0 2328.50875 2487.50875 222.98000000000002 248.98000000000002
0 3422.50875 2611.50875 225.98000000000002 124.98
0 1995.50875 0.508125 86.98 92.97875
