0 0.50875 20.50875 179.98 148.98
0 70.50875 425.50875 195.98000000000002 206.98000000000002
0 19.50875 1256.50875 288.98 248.98000000000002
0 462.50875 1758.50875 394.98 170.98
0 543.50875 1373.50875 152.98 220.98000000000002
0 408.50875 440.50875 252.98000000000002 195.98000000000002
0 679.50875 949.50875 227.98000000000002 270.98
0 1184.50875 2396.50875 241.98000000000002 227.98000000000002
0 1042.50875 810.50875 252.98000000000002 231.98000000000002
0 896.50875 347.50875 99.98 163.98
0 1068.50875 365.50875 222.98000000000002 191.98000000000002
0 1302.50875 45.50875 134.98 205.98000000000002
0 1291.50875 283.50875 99.98 195.98000000000002
0 1267.50875 1241.50875 269.98 302.98
0 1605.50875 1705.50875 327.98 145.98
0 1676.50875 30.50875 135.98 177.98
0 1876.50875 394.50875 120.98 195.98000000000002
0 2040.50875 778.50875 198.98000000000002 224.98000000000002
0 1983.50875 1737.50875 216.98000000000002 227.98000000000002
0 2453.50875 2229.50875 312.98 323.98
0 2267.50875 1437.50875 270.98 170.98
0 2289.50875 821.50875 226.98000000000002 220.98000000000002
0 2061.50875 401.50875 181.98 209.98000000000002
0 2432.50875 20.50875 166.98 152.98
0 2731.50875 27.50875 77.98 127.98
0 2395.50875 401.50875 253.98000000000002 291.98
0 2756.50875 793.50875 259.98 195.98000000000002
0 3062.50875 91.508125 131.98 173.98125000000002
0 3308.50875 543.50875 127.98 131.98
0 3062.50875 878.50875 195.98000000000002 231.98000000000002
0 3343.50875 821.50875 185.98 181.98
0 2941.50875 1323.50875 312.98 192.98000000000002
0 2713.50875 1723.50875 205.98000000000002 216.98000000000002
0 3283.50875 1812.50875 362.98 298.98
0 153.50875 2332.50875 468.98 373.98
0 686.50875 2551.50875 291.98 184.98
0 2264.50875 2487.50875 305.98 248.98000000000002
0 3450.50875 2597.50875 197.98000000000002 138.98
