0 5.50875 16.50875 163.98 163.98
0 77.50875 419.50875 194.98000000000002 219.98000000000002
0 23.50875 1213.50875 320.98 291.98
0 1427.50875 2264.50875 320.98 312.98
0 429.50875 1687.50875 416.98 245.98000000000002
0 565.50875 1366.50875 155.98 227.98000000000002
0 419.50875 429.50875 255.98000000000002 220.98000000000002
0 725.50875 928.50875 241.98000000000002 270.98
0 910.50875 2.50875 231.98000000000002 187.98
0 1302.50875 37.50875 181.98 213.98000000000002
0 1665.50875 0.50875 138.98 151.98
0 1302.50875 262.508125 102.98 202.98125000000002
0 1241.50875 600.50875 199.98000000000002 295.98
0 1274.50875 1256.50875 301.98 302.98
0 1626.50875 1708.50875 323.98 206.98000000000002
0 1708.50875 1010.5087500000001 252.98000000000002 248.98000000000002
0 1758.50875 240.508125 174.98 249.98125000000002
0 2036.50875 746.50875 163.98 217.98000000000002
0 2292.50875 835.50875 210.98000000000002 206.98000000000002
0 2207.50875 1370.50875 156.98 173.98
0 2389.50875 1345.50875 202.98000000000002 177.98
0 2727.50875 1722.50875 209.98000000000002 210.98000000000002
0 3286.50875 1787.50875 356.98 301.98
0 2955.50875 1302.50875 298.98 202.98000000000002
0 2078.50875 383.50875 181.98 209.98000000000002
0 2414.50875 27.50875 130.98 141.98
0 3062.50875 62.50875 117.98 213.98000000000002
0 2877.50875 0.508125 109.98 104.97875
0 2763.50875 390.50875 159.98 170.98
0 2485.50875 772.50875 184.98 162.98
0 3055.50875 871.50875 194.98000000000002 220.98000000000002
0 3326.50875 814.50875 187.98 199.98000000000002
0 3393.50875 411.50875 254.98000000000002 220.98000000000002
0 308.508125 2415.50875 313.98125 286.98
0 622.50875 2474.50875 355.98 261.98
0 1078.50875 2360.50875 396.98 313.98
0 3463.50875 2601.50875 184.98 134.98
0 832.50875 0.508125 118.98 92.97875
0 2264.50875 253.50875 63.980000000000004 118.98
