0 0.50875 27.50875 172.98 162.98
0 20.50875 768.50875 163.98 134.98
0 102.50875 1615.50875 358.98 317.98
0 411.50875 426.50875 253.98000000000002 205.98000000000002
0 379.50875 1242.50875 113.98 166.98
0 425.50875 1683.50875 406.98 242.98000000000002
0 657.50875 946.50875 252.98000000000002 277.98
0 900.50875 344.50875 91.98 177.98
0 1103.50875 41.50875 102.98 159.98
0 1395.50875 37.50875 152.98 167.98
0 1059.50875 390.50875 206.98000000000002 167.98
0 1031.50875 796.50875 252.98000000000002 256.98
0 1231.50875 1238.50875 295.98 295.98
0 1096.50875 2417.50875 205.98000000000002 209.98000000000002
0 1426.50875 2296.50875 303.98 256.98
0 1619.50875 1687.50875 316.98 166.98
0 1722.50875 251.508125 174.98 216.98125000000002
0 1637.50875 1017.5087500000001 259.98 234.98000000000002
0 2082.50875 1145.50875 181.98 195.98000000000002
0 2200.50875 1359.50875 141.98 199.98000000000002
0 2378.50875 1345.50875 184.98 181.98
0 2064.50875 419.50875 185.98 187.98
0 2399.50875 16.50875 128.98 156.98
0 2866.50875 0.50875 102.98 143.98
0 2275.50875 839.50875 220.98000000000002 209.98000000000002
0 2296.50875 2481.50875 223.98000000000002 213.98000000000002
0 2688.50875 1708.50875 213.98000000000002 227.98000000000002
0 2734.50875 789.50875 241.98000000000002 220.98000000000002
0 3051.50875 87.50875 135.98 206.98000000000002
0 3386.50875 134.508125 95.98 138.98125000000002
0 3379.50875 426.50875 263.98 188.98
0 3215.50875 928.50875 294.98 174.98
0 2916.50875 1306.50875 302.98 187.98
0 3041.50875 1751.50875 323.98 245.98000000000002
0 153.50875 2291.50875 327.98 355.98
0 513.50875 2364.50875 309.98 346.98
0 3103.50875 2487.50875 291.98 227.98000000000002
0 1986.50875 0.508125 90.98 102.97875
0 2241.50875 276.50875 95.98 108.98
