0 2.50875 12.508750000000001 177.98 167.98
0 41.50875 419.50875 273.98 227.98000000000002
0 20.50875 1217.50875 283.98 262.98
0 426.50875 1673.50875 408.98 244.98000000000002
0 518.50875 1366.50875 160.98 227.98000000000002
0 518.50875 2364.50875 298.98 302.98
0 408.50875 436.50875 255.98000000000002 199.98000000000002
0 907.50875 41.50875 223.98000000000002 152.98
0 1291.50875 27.50875 188.98 223.98000000000002
0 1598.50875 30.50875 166.98 135.98
0 625.50875 615.50875 291.98 234.98000000000002
0 1038.50875 796.50875 252.98000000000002 284.98
0 1063.50875 372.50875 231.98000000000002 177.98
0 1505.50875 305.50875 117.98 248.98000000000002
0 1238.50875 1224.50875 288.98 305.98
0 1637.50875 999.5087500000001 259.98 249.98000000000002
0 1993.50875 1719.50875 213.98000000000002 234.98000000000002
0 1242.50875 2353.50875 216.98000000000002 248.98000000000002
0 1772.50875 2325.50875 252.98000000000002 234.98000000000002
0 2477.50875 2214.50875 335.98 313.98
0 1733.50875 240.508125 181.98 210.98125000000002
0 2068.50875 408.50875 181.98 177.98
0 2403.50875 30.50875 149.98 117.98
0 2709.50875 41.50875 120.98 106.98
0 2396.50875 401.50875 276.98 273.98
0 2057.50875 1149.50875 213.98000000000002 202.98000000000002
0 2239.50875 1409.50875 277.98 195.98000000000002
0 2264.50875 828.50875 241.98000000000002 220.98000000000002
0 2745.50875 383.50875 134.98 163.98
0 3379.50875 126.50875 109.98 153.98
0 3304.50875 543.50875 163.98 145.98
0 2738.50875 793.50875 230.98000000000002 195.98000000000002
0 2681.50875 1687.50875 209.98000000000002 230.98000000000002
0 3226.50875 924.50875 280.98 167.98
0 2908.50875 1302.50875 313.98 195.98000000000002
0 3044.50875 1748.50875 295.98 241.98000000000002
0 641.50875 2556.50875 336.98 179.98
0 2250.50875 253.50875 81.98 127.98
0 3587.50875 162.508125 60.980000000000004 117.98125
