0 4.50875 30.50875 175.98 124.98
0 34.50875 426.50875 213.98000000000002 223.98000000000002
0 16.50875 1210.50875 309.98 294.98
0 383.50875 1256.50875 113.98 180.98
0 330.50875 77.50875 152.98 177.98
0 664.50875 942.50875 227.98000000000002 259.98
0 636.50875 629.50875 284.98 245.98000000000002
0 415.50875 1683.50875 391.98 231.98000000000002
0 924.50875 48.50875 206.98000000000002 156.98
0 1295.50875 45.50875 181.98 219.98000000000002
0 1630.50875 12.508750000000001 177.98 142.98
0 1284.50875 276.508125 99.98 227.98125000000002
0 1748.50875 280.50875 155.98 202.98000000000002
0 1181.50875 654.50875 145.98 266.98
0 1231.50875 1231.50875 266.98 295.98
0 1612.50875 1698.50875 291.98 152.98
0 1926.50875 743.50875 170.98 191.98000000000002
0 2278.50875 27.50875 142.98 141.98
0 2399.50875 397.50875 230.98000000000002 284.98
0 2250.50875 846.50875 237.98000000000002 177.98
0 2054.50875 1149.50875 209.98000000000002 173.98
0 2175.50875 1345.50875 163.98 181.98
0 2407.50875 1366.50875 180.98 192.98000000000002
0 2877.50875 30.509375000000002 109.98 81.97875
0 3372.50875 116.508125 109.98 188.98125000000002
0 2720.50875 796.50875 273.98 213.98000000000002
0 3301.50875 572.50875 191.98000000000002 106.98
0 3051.50875 882.50875 195.98000000000002 209.98000000000002
0 3326.50875 810.50875 180.98 192.98000000000002
0 2678.50875 1698.50875 219.98000000000002 230.98000000000002
0 3208.50875 1370.50875 202.98000000000002 173.98
0 3247.50875 1819.50875 384.98 280.98
0 1067.50875 2410.50875 238.98000000000002 199.98000000000002
0 1448.50875 2268.50875 291.98 273.98
0 2506.50875 2264.50875 270.98 295.98
0 568.50875 2373.50875 254.98000000000002 362.98
0 2214.50875 2460.50875 286.98 268.98
0 3468.50875 2620.50875 168.98 115.98
0 805.50875 0.508125 104.98 92.97875
0 3203.50875 198.508125 145.98 177.98125000000002
