0 0.50875 23.50875 186.98 135.98
0 48.50875 411.50875 241.98000000000002 235.98000000000002
0 13.508750000000001 1202.50875 291.98 259.98
0 123.50875 2325.50875 348.98 269.98
0 1199.50875 2317.50875 259.98 331.98
0 1751.50875 2328.50875 245.98000000000002 220.98000000000002
0 419.50875 1662.50875 387.98 238.98000000000002
0 540.50875 1359.50875 152.98 209.98000000000002
0 401.50875 433.50875 255.98000000000002 191.98000000000002
0 636.50875 611.50875 280.98 231.98000000000002
0 914.50875 1623.50875 173.98 145.98
0 1113.50875 30.50875 120.98 181.98
0 1405.50875 30.50875 167.98 185.98
0 900.50875 351.50875 91.98 173.98
0 1163.50875 629.50875 167.98 273.98
0 1285.50875 265.508125 91.98 210.98125000000002
0 1231.50875 1477.50875 262.98 195.98000000000002
0 1986.50875 1698.50875 216.98000000000002 216.98000000000002
0 1498.50875 305.50875 152.98 223.98000000000002
0 1875.50875 394.50875 99.98 191.98000000000002
0 2047.50875 796.50875 198.98000000000002 184.98
0 2154.50875 1313.50875 191.98000000000002 177.98
0 2061.50875 408.50875 188.98 188.98
0 2431.50875 37.50875 113.98 135.98
0 2727.50875 23.50875 88.98 120.98
0 2406.50875 390.50875 234.98000000000002 277.98
0 2745.50875 351.50875 109.98 177.98
0 3375.50875 119.508125 106.98 185.98125000000002
0 2724.50875 786.50875 255.98000000000002 194.98000000000002
0 3386.50875 429.50875 261.98 188.98
0 3244.50875 917.50875 266.98 156.98
0 2282.50875 1370.50875 262.98 216.98000000000002
0 2652.50875 1302.50875 249.98000000000002 249.98000000000002
0 3215.50875 1335.50875 210.98000000000002 194.98000000000002
0 3062.50875 1698.50875 273.98 259.98
0 549.50875 2360.50875 296.98 364.98
0 691.50875 2419.50875 277.98 305.98
0 3117.50875 2456.50875 286.98 279.98
0 3577.50875 162.508125 70.98 131.98125
0 1972.50875 0.508125 95.98 102.97875
