0 0.50875 9.508750000000001 179.98 148.98
0 45.50875 444.50875 205.98000000000002 205.98000000000002
0 12.508750000000001 1245.50875 284.98 248.98000000000002
0 383.50875 1242.50875 124.98 184.98
0 551.50875 1377.50875 141.98 209.98000000000002
0 419.50875 444.50875 230.98000000000002 187.98
0 885.50875 351.50875 88.98 159.98
0 679.50875 938.50875 224.98000000000002 263.98
0 1038.50875 789.50875 245.98000000000002 245.98000000000002
0 928.50875 27.50875 202.98000000000002 152.98
0 1074.50875 337.50875 184.98 237.98000000000002
0 1302.50875 48.50875 160.98 202.98000000000002
0 1644.50875 0.508125 145.98 126.97875
0 1715.50875 269.50875 202.98000000000002 134.98
0 1231.50875 1216.50875 273.98 306.98
0 1630.50875 1683.50875 302.98 177.98
0 1940.50875 710.50875 148.98 192.98000000000002
0 2249.50875 9.508750000000001 156.98 141.98
0 2638.50875 30.50875 152.98 181.98
0 2884.50875 2.50875 95.98 131.98
0 2756.50875 347.50875 88.98 185.98
0 2054.50875 1120.50875 213.98000000000002 206.98000000000002
0 1990.50875 1708.50875 213.98000000000002 220.98000000000002
0 2442.50875 1341.50875 152.98 177.98
0 2467.50875 721.50875 191.98000000000002 210.98000000000002
0 2887.50875 458.50875 274.98 177.98
0 3361.50875 105.508125 109.98 174.98125000000002
0 3382.50875 430.50875 261.98 166.98
0 3229.50875 935.50875 295.98 135.98
0 2656.50875 1299.50875 248.98000000000002 262.98
0 3218.50875 1355.50875 189.98 171.98
0 3066.50875 1726.50875 280.98 245.98000000000002
0 141.50875 2324.50875 327.98 263.98
0 1170.50875 2335.50875 267.98 256.98
0 1779.50875 2335.50875 227.98000000000002 220.98000000000002
0 2237.50875 2456.50875 286.98 254.98000000000002
0 3431.50875 2597.50875 205.98000000000002 138.98
0 672.50875 2451.50875 296.98 268.98
0 823.50875 0.508125 77.98 88.97875
0 413.50875 2387.50875 414.98 348.98
