0 0.50875 34.50875 190.98 134.98
0 62.50875 408.50875 188.98 241.98000000000002
0 9.508750000000001 1224.50875 284.98 287.98
0 376.50875 1256.50875 116.98 180.98
0 444.50875 1697.50875 376.98 231.98000000000002
0 344.50875 87.50875 123.98 181.98
0 1145.50875 16.50875 81.98 199.98000000000002
0 1413.50875 34.50875 162.98 159.98
0 885.50875 333.50875 116.98 191.98000000000002
0 682.50875 928.50875 224.98000000000002 284.98
0 1038.50875 796.50875 248.98000000000002 224.98000000000002
0 1067.50875 380.50875 213.98000000000002 169.98
0 1523.50875 333.50875 156.98 181.98
0 1904.50875 376.50875 92.98 177.98
0 1234.50875 1537.50875 288.98 177.98
0 1993.50875 1740.50875 209.98000000000002 206.98000000000002
0 1943.50875 711.50875 163.98 184.98
0 2054.50875 1128.50875 205.98000000000002 212.98000000000002
0 2303.50875 1441.50875 249.98000000000002 163.98
0 2260.50875 832.50875 220.98000000000002 202.98000000000002
0 2285.50875 20.50875 128.98 130.98
0 2645.50875 30.50875 159.98 206.98000000000002
0 2877.50875 20.509375000000002 123.98 88.97875
0 2788.50875 379.50875 95.98 178.98
0 3052.50875 98.508125 105.98 195.98125000000002
0 2894.50875 468.50875 267.98 185.98
0 3354.50875 426.50875 281.98 173.98
0 2667.50875 1302.50875 230.98000000000002 220.98000000000002
0 3244.50875 914.50875 259.98 148.98
0 2951.50875 1295.50875 306.98 191.98000000000002
0 2695.50875 1690.50875 191.98000000000002 213.98000000000002
0 3269.50875 1794.50875 362.98 323.98
0 1095.50875 2399.50875 213.98000000000002 288.98
0 1462.50875 2257.50875 288.98 302.98
0 2510.50875 2239.50875 277.98 291.98
0 276.508125 2456.50875 336.98125 272.98
0 3130.50875 2483.50875 278.98 252.98000000000002
0 2871.50875 1078.50875 149.98 108.98
0 1981.50875 0.508125 90.98 97.97875
